{
    "animation": [
        {
            "name": "Root",
            "time": [0.0, 0.0167, 0.0333, 0.05, 0.0667, 0.0833, 0.1, 0.1167, 0.15, 0.1833, 0.2, 0.2333, 0.2667, 0.3333, 0.35, 0.4167, 0.5, 0.6, 0.65, 0.6833, 0.7167, 0.7333, 0.7667, 0.8, 0.8167, 0.8333, 0.85, 0.8667, 0.8833, 0.9, 0.9167, 0.95, 0.9833, 1.0, 1.0333, 1.0667, 1.1, 1.25, 1.5333, 1.5667, 1.6, 1.6333, 1.6667, 1.6833, 1.7167, 1.75, 1.7833, 1.8, 1.8333, 1.8667, 1.9, 1.9333, 1.95, 1.9667, 1.9833, 2.0167, 2.2833, 2.4167, 2.5333, 2.55, 2.6667, 2.75, 2.8667],
            "transform": [
                [0.602521, -0.011171, 0.798025, -0.085593, 0.798034, 0.021592, -0.602226, 0.008212, -0.010504, 0.999704, 0.021924, 0.583872, 0.0, 0.0, 0.0, 1.0],
                [0.631516, -0.011264, 0.775281, -0.085593, 0.775307, 0.021211, -0.631229, 0.012445, -0.009334, 0.999712, 0.022129, 0.585854, 0.0, 0.0, 0.0, 1.0],
                [0.681705, -0.011427, 0.731538, -0.085593, 0.73159, 0.020683, -0.681431, 0.016679, -0.007344, 0.999721, 0.022459, 0.590168, 0.0, 0.0, 0.0, 1.0],
                [0.715333, -0.011505, 0.698689, -0.085593, 0.698757, 0.020505, -0.715065, 0.016641, -0.0061, 0.999724, 0.022707, 0.594076, 0.0, 0.0, 0.0, 1.0],
                [0.754708, -0.011541, 0.65596, -0.085593, 0.656044, 0.0205, -0.754444, 0.016393, -0.00474, 0.999723, 0.023043, 0.599806, 0.0, 0.0, 0.0, 1.0],
                [0.818874, -0.011574, 0.573856, -0.085593, 0.573968, 0.02058, -0.818619, 0.015818, -0.002335, 0.999721, 0.023496, 0.610342, 0.0, 0.0, 0.0, 1.0],
                [0.851227, -0.011572, 0.524669, -0.085593, 0.524796, 0.020665, -0.850977, 0.01545, -0.000995, 0.99972, 0.023664, 0.616392, 0.0, 0.0, 0.0, 1.0],
                [0.872648, -0.011554, 0.488214, -0.085593, 0.488351, 0.020756, -0.872401, 0.015153, -5.3e-05, 0.999718, 0.023755, 0.620823, 0.0, 0.0, 0.0, 1.0],
                [0.915518, -0.011498, 0.402112, -0.085593, 0.40227, 0.02096, -0.915281, 0.01448, 0.002096, 0.999714, 0.023814, 0.630836, 0.0, 0.0, 0.0, 1.0],
                [0.948504, -0.011416, 0.316559, -0.085593, 0.316738, 0.021168, -0.948277, 0.01382, 0.004124, 0.999711, 0.023694, 0.640381, 0.0, 0.0, 0.0, 1.0],
                [0.971956, -0.011316, 0.234888, -0.085593, 0.235085, 0.021363, -0.97174, 0.013199, 0.005978, 0.999708, 0.023425, 0.649228, 0.0, 0.0, 0.0, 1.0],
                [0.986076, -0.011218, 0.165914, -0.085593, 0.166124, 0.021523, -0.98587, 0.012678, 0.007488, 0.999705, 0.023087, 0.656568, 0.0, 0.0, 0.0, 1.0],
                [0.990703, -0.011171, 0.135582, -0.085593, 0.135798, 0.021592, -0.990501, 0.012449, 0.008137, 0.999704, 0.022908, 0.659774, 0.0, 0.0, 0.0, 1.0],
                [0.990703, -0.011171, 0.135582, -0.085593, 0.135798, 0.021592, -0.990501, 0.014562, 0.008137, 0.999704, 0.022908, 0.659774, 0.0, 0.0, 0.0, 1.0],
                [0.990703, -0.011171, 0.135582, -0.085593, 0.135798, 0.021592, -0.990501, 0.017833, 0.008137, 0.999704, 0.022908, 0.659774, 0.0, 0.0, 0.0, 1.0],
                [0.990703, -0.011171, 0.135582, -0.085593, 0.135798, 0.021592, -0.990501, 0.029402, 0.008137, 0.999704, 0.022908, 0.659774, 0.0, 0.0, 0.0, 1.0],
                [0.990703, -0.011171, 0.135582, -0.085593, 0.135798, 0.021592, -0.990501, 0.060335, 0.008137, 0.999704, 0.022908, 0.659774, 0.0, 0.0, 0.0, 1.0],
                [0.990703, -0.011171, 0.135582, -0.085593, 0.135798, 0.021592, -0.990501, 0.092571, 0.008137, 0.999704, 0.022908, 0.659774, 0.0, 0.0, 0.0, 1.0],
                [0.990703, -0.011171, 0.135582, -0.085593, 0.135798, 0.021592, -0.990501, 0.165316, 0.008137, 0.999704, 0.022908, 0.659774, 0.0, 0.0, 0.0, 1.0],
                [0.990703, -0.011171, 0.135582, -0.085593, 0.135798, 0.021592, -0.990501, 0.181212, 0.008137, 0.999704, 0.022908, 0.656134, 0.0, 0.0, 0.0, 1.0],
                [0.990703, -0.011171, 0.135582, -0.085593, 0.135798, 0.021592, -0.990501, 0.202604, 0.008137, 0.999704, 0.022908, 0.642494, 0.0, 0.0, 0.0, 1.0],
                [0.990703, -0.011171, 0.135582, -0.085593, 0.135798, 0.021592, -0.990501, 0.257742, 0.008137, 0.999704, 0.022908, 0.616984, 0.0, 0.0, 0.0, 1.0],
                [0.999744, -0.017482, -0.014331, -0.089212, -0.013731, 0.033949, -0.999329, 0.389452, 0.017957, 0.999271, 0.0337, 0.572876, 0.0, 0.0, 0.0, 1.0],
                [0.940646, -0.024459, -0.338508, -0.096798, -0.336462, 0.063534, -0.939551, 0.573669, 0.044488, 0.99768, 0.051533, 0.517617, 0.0, 0.0, 0.0, 1.0],
                [0.864167, -0.024043, -0.502631, -0.100858, -0.499488, 0.080208, -0.8626, 0.666611, 0.061054, 0.996488, 0.057304, 0.49035, 0.0, 0.0, 0.0, 1.0],
                [0.76502, -0.020849, -0.643669, -0.104742, -0.639322, 0.095754, -0.762954, 0.752849, 0.077541, 0.995187, 0.059925, 0.465268, 0.0, 0.0, 0.0, 1.0],
                [0.661642, -0.016, -0.749649, -0.108138, -0.74417, 0.108488, -0.659122, 0.827685, 0.091874, 0.993969, 0.059873, 0.443455, 0.0, 0.0, 0.0, 1.0],
                [0.561398, -0.010376, -0.827481, -0.111126, -0.82098, 0.118725, -0.558477, 0.891274, 0.104038, 0.992873, 0.058134, 0.424938, 0.0, 0.0, 0.0, 1.0],
                [0.473548, -0.004895, -0.880754, -0.113617, -0.873404, 0.126433, -0.470298, 0.939102, 0.113659, 0.991963, 0.055597, 0.411112, 0.0, 0.0, 0.0, 1.0],
                [0.473548, -0.004895, -0.880754, -0.113617, -0.873404, 0.126433, -0.470298, 0.939524, 0.113659, 0.991963, 0.055597, 0.411112, 0.0, 0.0, 0.0, 1.0],
                [0.473548, -0.004895, -0.880754, -0.113617, -0.873404, 0.126433, -0.470298, 0.939907, 0.113659, 0.991963, 0.055597, 0.411112, 0.0, 0.0, 0.0, 1.0],
                [0.473548, -0.004895, -0.880754, -0.113617, -0.873404, 0.126433, -0.470298, 0.94296, 0.113659, 0.991963, 0.055597, 0.411112, 0.0, 0.0, 0.0, 1.0],
                [0.473548, -0.004895, -0.880754, -0.113617, -0.873404, 0.126433, -0.470298, 0.946247, 0.113659, 0.991963, 0.055597, 0.411112, 0.0, 0.0, 0.0, 1.0],
                [0.473548, -0.004895, -0.880754, -0.113617, -0.873404, 0.126433, -0.470298, 0.947851, 0.113659, 0.991963, 0.055597, 0.411112, 0.0, 0.0, 0.0, 1.0],
                [0.473548, -0.004895, -0.880754, -0.113617, -0.873404, 0.126433, -0.470298, 0.949385, 0.113659, 0.991963, 0.055597, 0.411112, 0.0, 0.0, 0.0, 1.0],
                [0.473548, -0.004895, -0.880754, -0.113617, -0.873404, 0.126433, -0.470298, 0.95081, 0.113659, 0.991963, 0.055597, 0.411112, 0.0, 0.0, 0.0, 1.0],
                [0.473548, -0.004895, -0.880754, -0.113617, -0.873404, 0.126433, -0.470298, 0.951993, 0.113659, 0.991963, 0.055597, 0.411112, 0.0, 0.0, 0.0, 1.0],
                [0.473548, -0.004895, -0.880754, -0.113617, -0.873404, 0.126433, -0.470298, 0.951993, 0.113659, 0.991963, 0.055597, 0.411112, 0.0, 0.0, 0.0, 1.0],
                [0.473548, -0.004895, -0.880754, -0.113617, -0.873404, 0.126433, -0.470298, 0.951993, 0.113659, 0.991963, 0.055597, 0.411112, 0.0, 0.0, 0.0, 1.0],
                [0.473548, -0.004895, -0.880754, -0.113617, -0.873404, 0.126433, -0.470298, 0.96748, 0.113659, 0.991963, 0.055597, 0.431548, 0.0, 0.0, 0.0, 1.0],
                [0.473548, -0.004895, -0.880754, -0.113617, -0.873404, 0.126433, -0.470298, 0.995792, 0.113659, 0.991963, 0.055597, 0.468908, 0.0, 0.0, 0.0, 1.0],
                [0.473548, -0.004895, -0.880754, -0.113617, -0.873404, 0.126433, -0.470298, 1.016235, 0.113659, 0.991963, 0.055597, 0.503117, 0.0, 0.0, 0.0, 1.0],
                [0.473548, -0.004895, -0.880754, -0.113617, -0.873404, 0.126433, -0.470298, 1.039591, 0.113659, 0.991963, 0.055597, 0.526704, 0.0, 0.0, 0.0, 1.0],
                [0.484007, -0.006648, -0.875039, -0.113617, -0.868338, 0.120102, -0.481212, 1.071117, 0.108293, 0.992739, 0.052357, 0.538067, 0.0, 0.0, 0.0, 1.0],
                [0.516417, -0.011306, -0.856262, -0.113617, -0.851183, 0.102764, -0.514711, 1.106501, 0.093812, 0.994641, 0.043446, 0.544501, 0.0, 0.0, 0.0, 1.0],
                [0.571219, -0.017135, -0.820619, -0.113617, -0.817368, 0.079417, -0.570615, 1.143961, 0.074949, 0.996694, 0.03136, 0.548631, 0.0, 0.0, 0.0, 1.0],
                [0.637743, -0.022129, -0.769931, -0.113617, -0.768324, 0.052345, -0.637917, 1.18283, 0.054419, 0.998384, 0.01638, 0.551873, 0.0, 0.0, 0.0, 1.0],
                [0.711051, -0.025064, -0.702694, -0.113617, -0.702303, 0.023456, -0.711492, 1.223474, 0.034315, 0.999411, -0.000924, 0.555378, 0.0, 0.0, 0.0, 1.0],
                [0.795034, -0.025197, -0.606041, -0.113617, -0.606303, -0.003678, -0.795225, 1.269129, 0.017809, 0.999676, -0.018201, 0.561819, 0.0, 0.0, 0.0, 1.0],
                [0.897517, -0.021057, -0.440477, -0.113617, -0.440943, -0.029915, -0.897036, 1.331347, 0.005712, 0.999331, -0.036134, 0.575039, 0.0, 0.0, 0.0, 1.0],
                [0.970707, -0.011806, -0.239975, -0.113617, -0.240261, -0.053314, -0.969243, 1.397606, -0.001351, 0.998508, -0.054589, 0.590437, 0.0, 0.0, 0.0, 1.0],
                [0.999587, 0.001567, -0.028688, -0.113617, -0.028499, -0.072558, -0.996957, 1.464265, -0.003644, 0.997363, -0.072483, 0.606531, 0.0, 0.0, 0.0, 1.0],
                [0.985747, 0.016904, 0.167386, -0.113617, 0.168224, -0.086672, -0.981931, 1.527805, -0.002091, 0.996093, -0.088281, 0.622162, 0.0, 0.0, 0.0, 1.0],
                [0.963308, 0.025814, 0.267155, -0.113617, 0.268399, -0.092589, -0.958848, 1.56217, -1.6e-05, 0.99537, -0.09612, 0.630678, 0.0, 0.0, 0.0, 1.0],
                [0.946759, 0.030859, 0.32046, -0.113617, 0.321939, -0.095324, -0.94195, 1.581395, 0.00148, 0.994968, -0.100183, 0.635484, 0.0, 0.0, 0.0, 1.0],
                [0.922917, 0.037107, 0.383207, -0.113617, 0.384982, -0.098211, -0.917684, 1.605067, 0.003583, 0.994474, -0.104926, 0.64141, 0.0, 0.0, 0.0, 1.0],
                [0.922917, 0.037107, 0.383207, -0.113617, 0.384982, -0.098211, -0.917684, 1.605067, 0.003583, 0.994474, -0.104926, 0.64141, 0.0, 0.0, 0.0, 1.0],
                [0.922917, 0.037107, 0.383207, -0.113617, 0.384982, -0.098211, -0.917684, 1.605067, 0.003583, 0.994474, -0.104926, 0.64141, 0.0, 0.0, 0.0, 1.0],
                [0.922917, 0.037107, 0.383207, -0.113617, 0.384982, -0.098211, -0.917684, 1.605067, 0.003583, 0.994474, -0.104926, 0.64141, 0.0, 0.0, 0.0, 1.0],
                [0.922917, 0.037107, 0.383207, -0.113617, 0.384982, -0.098211, -0.917684, 1.605067, 0.003583, 0.994474, -0.104926, 0.64141, 0.0, 0.0, 0.0, 1.0],
                [0.933795, 0.022812, 0.357081, -0.125721, 0.357762, -0.04333, -0.932807, 1.605259, -0.005807, 0.9988, -0.048623, 0.663347, 0.0, 0.0, 0.0, 1.0],
                [0.944855, 0.009026, 0.327363, -0.138895, 0.327183, 0.017137, -0.944806, 1.605466, -0.014138, 0.999812, 0.013239, 0.68722, 0.0, 0.0, 0.0, 1.0],
                [0.95871, -0.006858, 0.284301, -0.157176, 0.283506, 0.101517, -0.953582, 1.605756, -0.022322, 0.99481, 0.09927, 0.720349, 0.0, 0.0, 0.0, 1.0]
            ]
        },
        {
            "name": "Thigh_R",
            "time": [0.0, 0.0167, 0.0333, 0.05, 0.0667, 0.0833, 0.1, 0.1167, 0.15, 0.1833, 0.2, 0.2333, 0.2667, 0.3333, 0.35, 0.4167, 0.5, 0.6, 0.65, 0.6833, 0.7167, 0.7333, 0.7667, 0.8, 0.8167, 0.8333, 0.85, 0.8667, 0.8833, 0.9, 0.9167, 0.95, 0.9833, 1.0, 1.0333, 1.0667, 1.1, 1.25, 1.5333, 1.5667, 1.6, 1.6333, 1.6667, 1.6833, 1.7167, 1.75, 1.7833, 1.8, 1.8333, 1.8667, 1.9, 1.9333, 1.95, 1.9667, 1.9833, 2.0167, 2.2833, 2.4167, 2.5333, 2.55, 2.6667, 2.75, 2.8667],
            "transform": [
                [0.630076, 0.712174, 0.309525, 0.124994, 0.194673, -0.530737, 0.824877, -0.002831, 0.751735, -0.459477, -0.473047, -1.2e-05, 0.0, 0.0, 0.0, 1.0],
                [0.660392, 0.689478, 0.29748, 0.124994, 0.188782, -0.535871, 0.822924, -0.002831, 0.726802, -0.487292, -0.484048, -1.2e-05, 0.0, 0.0, 0.0, 1.0],
                [0.712257, 0.646135, 0.274215, 0.124994, 0.178684, -0.544703, 0.819374, -0.002831, 0.678794, -0.534605, -0.503422, -1.2e-05, 0.0, 0.0, 0.0, 1.0],
                [0.746478, 0.613767, 0.257006, 0.124994, 0.172058, -0.551144, 0.816479, -0.002831, 0.642778, -0.565263, -0.517022, -1.2e-05, 0.0, 0.0, 0.0, 1.0],
                [0.78601, 0.571372, 0.236044, 0.124994, 0.164274, -0.561127, 0.811265, -0.002831, 0.595987, -0.598884, -0.534914, -1.2e-05, 0.0, 0.0, 0.0, 1.0],
                [0.848708, 0.491384, 0.195529, 0.124994, 0.151872, -0.580598, 0.799902, -0.002831, 0.506585, -0.649185, -0.567387, -1.2e-05, 0.0, 0.0, 0.0, 1.0],
                [0.879284, 0.444623, 0.17078, 0.124994, 0.145778, -0.592573, 0.792217, -0.002831, 0.45344, -0.671685, -0.585856, -1.2e-05, 0.0, 0.0, 0.0, 1.0],
                [0.899033, 0.410585, 0.152164, 0.124994, 0.14181, -0.601786, 0.785967, -0.002831, 0.414279, -0.68503, -0.599253, -1.2e-05, 0.0, 0.0, 0.0, 1.0],
                [0.936984, 0.332704, 0.10661, 0.124994, 0.134065, -0.624187, 0.769687, -0.002831, 0.322626, -0.706888, -0.629458, -1.2e-05, 0.0, 0.0, 0.0, 1.0],
                [0.964029, 0.259168, 0.058958, 0.124994, 0.128309, -0.648039, 0.750722, -0.002831, 0.232773, -0.71615, -0.657984, -1.2e-05, 0.0, 0.0, 0.0, 1.0],
                [0.981115, 0.193111, 0.010908, 0.124994, 0.12435, -0.672939, 0.729171, -0.002831, 0.148154, -0.714041, -0.684245, -1.2e-05, 0.0, 0.0, 0.0, 1.0],
                [0.989489, 0.141041, -0.03188, 0.124994, 0.122036, -0.696243, 0.707357, -0.002831, 0.077572, -0.703809, -0.706138, -1.2e-05, 0.0, 0.0, 0.0, 1.0],
                [0.991513, 0.119404, -0.051405, 0.124994, 0.121292, -0.707367, 0.696362, -0.002831, 0.046789, -0.696683, -0.715847, -1.2e-05, 0.0, 0.0, 0.0, 1.0],
                [0.991548, 0.119091, -0.051457, 0.124994, 0.121052, -0.706608, 0.697174, -0.002831, 0.046669, -0.697507, -0.715053, -1.2e-05, 0.0, 0.0, 0.0, 1.0],
                [0.991602, 0.118611, -0.05152, 0.124994, 0.12068, -0.705528, 0.698332, -0.002831, 0.046483, -0.698681, -0.713918, -1.2e-05, 0.0, 0.0, 0.0, 1.0],
                [0.991794, 0.116969, -0.051582, 0.124994, 0.119349, -0.702571, 0.701534, -0.002831, 0.04582, -0.70193, -0.710767, -1.2e-05, 0.0, 0.0, 0.0, 1.0],
                [0.992309, 0.112899, -0.050732, 0.124994, 0.115694, -0.700317, 0.704394, -0.002831, 0.043999, -0.704842, -0.707994, -1.2e-05, 0.0, 0.0, 0.0, 1.0],
                [0.992849, 0.108995, -0.048664, 0.124994, 0.111728, -0.70503, 0.700321, -0.002831, 0.042024, -0.700746, -0.712168, -1.2e-05, 0.0, 0.0, 0.0, 1.0],
                [0.994073, 0.100643, -0.041096, 0.124994, 0.102136, -0.735097, 0.670224, -0.002831, 0.037246, -0.670444, -0.74102, -1.2e-05, 0.0, 0.0, 0.0, 1.0],
                [0.994273, 0.098963, -0.040308, 0.124994, 0.100466, -0.737176, 0.668191, -0.002831, 0.036414, -0.668409, -0.742898, -1.2e-05, 0.0, 0.0, 0.0, 1.0],
                [0.994389, 0.097208, -0.041701, 0.124994, 0.099492, -0.72562, 0.680865, -0.002831, 0.035929, -0.681189, -0.73122, -1.2e-05, 0.0, 0.0, 0.0, 1.0],
                [0.994903, 0.092603, -0.039882, 0.124994, 0.09503, -0.728964, 0.677924, -0.002831, 0.033708, -0.678253, -0.734049, -1.2e-05, 0.0, 0.0, 0.0, 1.0],
                [0.989413, 0.000473, -0.145119, 0.120681, 0.087821, -0.798072, 0.596129, 0.007686, -0.115532, -0.602556, -0.789666, 0.002527, 0.0, 0.0, 0.0, 1.0],
                [0.904219, -0.065508, -0.422013, 0.111642, 0.114254, -0.915043, 0.386835, 0.02973, -0.411501, -0.397993, -0.819917, 0.00785, 0.0, 0.0, 0.0, 1.0],
                [0.823868, -0.011376, -0.566667, 0.106805, 0.150756, -0.959385, 0.238437, 0.041528, -0.546365, -0.28186, -0.788693, 0.010698, 0.0, 0.0, 0.0, 1.0],
                [0.732461, 0.099619, -0.67348, 0.102177, 0.201949, -0.976505, 0.075191, 0.052815, -0.650167, -0.191074, -0.735372, 0.013424, 0.0, 0.0, 0.0, 1.0],
                [0.647854, 0.241147, -0.722587, 0.098131, 0.260908, -0.961439, -0.086938, 0.062682, -0.715689, -0.132197, -0.685791, 0.015806, 0.0, 0.0, 0.0, 1.0],
                [0.575455, 0.395814, -0.715669, 0.09457, 0.324316, -0.913774, -0.244607, 0.071364, -0.75078, -0.091334, -0.654206, 0.017902, 0.0, 0.0, 0.0, 1.0],
                [0.519609, 0.551904, -0.652234, 0.091602, 0.383566, -0.832807, -0.399133, 0.078602, -0.763469, -0.042774, -0.644425, 0.01965, 0.0, 0.0, 0.0, 1.0],
                [0.519635, 0.553573, -0.650796, 0.091602, 0.383631, -0.831779, -0.40121, 0.078602, -0.763419, -0.041175, -0.644589, 0.01965, 0.0, 0.0, 0.0, 1.0],
                [0.519658, 0.555097, -0.649478, 0.091602, 0.383689, -0.830834, -0.403107, 0.078602, -0.763373, -0.039712, -0.644734, 0.01965, 0.0, 0.0, 0.0, 1.0],
                [0.519846, 0.56765, -0.638382, 0.091602, 0.384159, -0.822807, -0.418818, 0.078602, -0.763009, -0.027511, -0.645801, 0.01965, 0.0, 0.0, 0.0, 1.0],
                [0.520052, 0.582167, -0.625001, 0.091602, 0.384671, -0.812961, -0.437173, 0.078602, -0.762611, -0.013059, -0.646724, 0.01965, 0.0, 0.0, 0.0, 1.0],
                [0.520152, 0.589753, -0.617764, 0.091602, 0.384923, -0.807563, -0.44685, 0.078602, -0.762415, -0.005354, -0.647065, 0.01965, 0.0, 0.0, 0.0, 1.0],
                [0.520249, 0.597424, -0.610266, 0.091602, 0.385165, -0.801919, -0.456697, 0.078602, -0.762226, 0.002551, -0.647304, 0.01965, 0.0, 0.0, 0.0, 1.0],
                [0.52034, 0.60501, -0.602667, 0.091603, 0.385391, -0.796145, -0.466501, 0.078602, -0.76205, 0.010484, -0.647431, 0.01965, 0.0, 0.0, 0.0, 1.0],
                [0.520415, 0.61175, -0.595759, 0.091602, 0.385581, -0.790852, -0.475267, 0.078602, -0.761903, 0.017631, -0.64745, 0.01965, 0.0, 0.0, 0.0, 1.0],
                [0.520415, 0.61175, -0.595759, 0.091602, 0.385581, -0.790852, -0.475267, 0.078602, -0.761903, 0.017631, -0.64745, 0.01965, 0.0, 0.0, 0.0, 1.0],
                [0.520415, 0.61175, -0.595759, 0.091602, 0.385581, -0.790852, -0.475267, 0.078602, -0.761903, 0.017631, -0.64745, 0.01965, 0.0, 0.0, 0.0, 1.0],
                [0.590619, 0.481886, -0.647266, 0.091602, 0.429914, -0.866705, -0.252971, 0.078602, -0.682893, -0.128851, -0.719063, 0.01965, 0.0, 0.0, 0.0, 1.0],
                [0.690321, 0.324167, -0.646815, 0.091602, 0.443286, -0.896058, 0.024018, 0.078602, -0.571799, -0.303296, -0.762269, 0.01965, 0.0, 0.0, 0.0, 1.0],
                [0.781184, 0.219359, -0.584491, 0.091602, 0.416717, -0.880354, 0.22655, 0.078602, -0.464864, -0.420537, -0.779131, 0.01965, 0.0, 0.0, 0.0, 1.0],
                [0.824876, 0.152313, -0.544406, 0.091602, 0.375364, -0.867661, 0.325988, 0.078602, -0.422707, -0.473242, -0.772887, 0.01965, 0.0, 0.0, 0.0, 1.0],
                [0.829305, 0.145863, -0.539421, 0.091602, 0.362566, -0.875006, 0.320797, 0.078602, -0.425204, -0.461607, -0.778533, 0.01965, 0.0, 0.0, 0.0, 1.0],
                [0.840097, 0.183946, -0.510292, 0.091602, 0.367184, -0.885291, 0.285368, 0.078602, -0.399265, -0.4271, -0.811275, 0.01965, 0.0, 0.0, 0.0, 1.0],
                [0.85764, 0.244472, -0.45242, 0.091602, 0.378835, -0.895301, 0.23435, 0.078602, -0.347761, -0.372373, -0.860463, 0.01965, 0.0, 0.0, 0.0, 1.0],
                [0.875521, 0.30881, -0.371612, 0.091602, 0.393502, -0.902025, 0.177503, 0.078602, -0.280388, -0.30163, -0.911261, 0.01965, 0.0, 0.0, 0.0, 1.0],
                [0.891584, 0.360743, -0.273751, 0.091602, 0.405529, -0.905063, 0.128089, 0.078602, -0.201555, -0.225208, -0.953233, 0.01965, 0.0, 0.0, 0.0, 1.0],
                [0.912347, 0.372529, -0.169825, 0.091603, 0.395264, -0.90958, 0.128179, 0.078602, -0.106721, -0.184062, -0.977102, 0.01965, 0.0, 0.0, 0.0, 1.0],
                [0.938345, 0.343643, -0.037611, 0.091602, 0.343625, -0.91527, 0.210245, 0.078602, 0.037825, -0.210198, -0.976925, 0.01965, 0.0, 0.0, 0.0, 1.0],
                [0.93545, 0.333151, 0.118069, 0.091602, 0.285559, -0.909194, 0.303022, 0.078602, 0.2083, -0.24974, -0.945641, 0.01965, 0.0, 0.0, 0.0, 1.0],
                [0.893859, 0.352243, 0.277374, 0.091602, 0.233177, -0.893643, 0.383448, 0.078602, 0.382941, -0.278065, -0.880928, 0.01965, 0.0, 0.0, 0.0, 1.0],
                [0.820582, 0.3881, 0.419544, 0.091602, 0.191289, -0.878241, 0.438294, 0.078602, 0.538565, -0.279398, -0.79491, 0.01965, 0.0, 0.0, 0.0, 1.0],
                [0.769847, 0.407365, 0.491309, 0.091602, 0.171877, -0.873691, 0.455107, 0.078602, 0.614649, -0.265913, -0.742626, 0.01965, 0.0, 0.0, 0.0, 1.0],
                [0.738791, 0.415713, 0.530439, 0.091602, 0.161649, -0.873411, 0.459373, 0.078602, 0.654261, -0.253632, -0.71247, 0.01965, 0.0, 0.0, 0.0, 1.0],
                [0.698392, 0.421321, 0.578559, 0.091602, 0.14985, -0.876527, 0.457431, 0.078602, 0.69985, -0.232766, -0.675297, 0.01965, 0.0, 0.0, 0.0, 1.0],
                [0.698392, 0.421321, 0.578559, 0.091602, 0.14985, -0.876527, 0.457431, 0.078602, 0.699851, -0.232766, -0.675297, 0.01965, 0.0, 0.0, 0.0, 1.0],
                [0.701407, 0.420353, 0.575608, 0.091602, 0.150565, -0.876735, 0.456797, 0.078602, 0.696674, -0.233732, -0.678241, 0.01965, 0.0, 0.0, 0.0, 1.0],
                [0.71173, 0.416971, 0.565304, 0.091602, 0.153013, -0.877462, 0.454583, 0.078602, 0.685583, -0.237039, -0.688321, 0.01965, 0.0, 0.0, 0.0, 1.0],
                [0.817803, 0.374781, 0.436729, 0.091602, 0.178437, -0.886604, 0.426722, 0.078602, 0.547135, -0.271042, -0.791945, 0.01965, 0.0, 0.0, 0.0, 1.0],
                [0.752193, 0.401089, 0.522808, 0.099756, 0.147062, -0.875577, 0.460152, 0.058717, 0.642321, -0.269234, -0.717589, 0.014848, 0.0, 0.0, 0.0, 1.0],
                [0.643961, 0.425877, 0.635561, 0.10863, 0.084358, -0.865196, 0.494286, 0.037076, 0.760393, -0.264684, -0.59308, 0.009623, 0.0, 0.0, 0.0, 1.0],
                [0.813553, 0.368447, 0.44986, 0.120945, 0.121408, -0.864212, 0.488258, 0.007045, 0.568675, -0.342606, -0.747817, 0.002373, 0.0, 0.0, 0.0, 1.0]
            ]
        },
        {
            "name": "Leg_R",
            "time": [0.0, 0.0167, 0.0333, 0.05, 0.0667, 0.0833, 0.1, 0.1167, 0.15, 0.1833, 0.2, 0.2333, 0.2667, 0.3333, 0.35, 0.4167, 0.5, 0.6, 0.65, 0.6833, 0.7167, 0.7333, 0.7667, 0.8, 0.8167, 0.8333, 0.85, 0.8667, 0.8833, 0.9, 0.9167, 0.95, 0.9833, 1.0, 1.0333, 1.0667, 1.1, 1.25, 1.5333, 1.5667, 1.6, 1.6333, 1.6667, 1.6833, 1.7167, 1.75, 1.7833, 1.8, 1.8333, 1.8667, 1.9, 1.9333, 1.95, 1.9667, 1.9833, 2.0167, 2.2833, 2.4167, 2.5333, 2.55, 2.6667, 2.75, 2.8667],
            "transform": [
                [1.0, -1e-06, 0.0, 0.0, -0.0, 0.345706, 0.938346, 0.37472, -1e-06, -0.938342, 0.345704, -0.0, 0.0, 0.0, 0.0, 1.0],
                [1.0, -1e-06, 0.0, 0.0, -0.0, 0.349321, 0.937007, 0.37472, -1e-06, -0.937002, 0.349319, 0.0, 0.0, 0.0, 0.0, 1.0],
                [1.0, -1e-06, 0.0, -0.0, -0.0, 0.365291, 0.930897, 0.37472, -1e-06, -0.930892, 0.36529, 0.0, 0.0, 0.0, 0.0, 1.0],
                [1.0, -1e-06, 1e-06, 0.0, -0.0, 0.385742, 0.92261, 0.37472, -1e-06, -0.922605, 0.385741, -0.0, 0.0, 0.0, 0.0, 1.0],
                [1.0, -1e-06, 1e-06, 0.0, -0.0, 0.41608, 0.909332, 0.37472, -1e-06, -0.909327, 0.416078, -0.0, 0.0, 0.0, 0.0, 1.0],
                [1.0, -1e-06, 1e-06, 0.0, -0.0, 0.475028, 0.879974, 0.37472, -1e-06, -0.879969, 0.475026, -0.0, 0.0, 0.0, 0.0, 1.0],
                [1.0, -0.0, 1e-06, 0.0, -0.0, 0.510635, 0.859801, 0.37472, -1e-06, -0.859797, 0.510634, -0.0, 0.0, 0.0, 0.0, 1.0],
                [1.0, -0.0, 1e-06, -0.0, -0.0, 0.537453, 0.843297, 0.37472, -1e-06, -0.843293, 0.537452, -0.0, 0.0, 0.0, 0.0, 1.0],
                [1.0, -0.0, 1e-06, -0.0, -0.0, 0.600625, 0.799534, 0.37472, -1e-06, -0.799531, 0.600624, 0.0, 0.0, 0.0, 0.0, 1.0],
                [1.0, -0.0, 1e-06, -0.0, -0.0, 0.663933, 0.747795, 0.37472, -1e-06, -0.747792, 0.663932, -0.0, 0.0, 0.0, 0.0, 1.0],
                [1.0, -0.0, 1e-06, -0.0, -0.0, 0.725142, 0.688602, 0.37472, -1e-06, -0.6886, 0.725141, -0.0, 0.0, 0.0, 0.0, 1.0],
                [1.0, -0.0, 1e-06, 0.0, -0.0, 0.777645, 0.628705, 0.37472, -1e-06, -0.628704, 0.777645, -0.0, 0.0, 0.0, 0.0, 1.0],
                [1.0, -0.0, 1e-06, 0.0, -0.0, 0.801028, 0.598629, 0.37472, -1e-06, -0.598628, 0.801028, 0.0, 0.0, 0.0, 0.0, 1.0],
                [1.0, -0.0, 1e-06, 0.0, -0.0, 0.79645, 0.604706, 0.37472, -1e-06, -0.604705, 0.796449, 0.0, 0.0, 0.0, 0.0, 1.0],
                [1.0, -0.0, 1e-06, -0.0, -0.0, 0.789427, 0.613847, 0.37472, -1e-06, -0.613846, 0.789426, -0.0, 0.0, 0.0, 0.0, 1.0],
                [1.0, -0.0, 1e-06, -0.0, -0.0, 0.765193, 0.643804, 0.37472, -1e-06, -0.643803, 0.765192, -0.0, 0.0, 0.0, 0.0, 1.0],
                [1.0, -0.0, 1e-06, 0.0, -0.0, 0.705074, 0.709137, 0.37472, -1e-06, -0.709135, 0.705073, -0.0, 0.0, 0.0, 0.0, 1.0],
                [1.0, -0.0, 1e-06, 0.0, -0.0, 0.649668, 0.760221, 0.37472, -1e-06, -0.760219, 0.649668, 0.0, 0.0, 0.0, 0.0, 1.0],
                [1.0, -1e-06, 1e-06, 0.0, -0.0, 0.551824, 0.833964, 0.37472, -1e-06, -0.833961, 0.551824, 0.0, 0.0, 0.0, 0.0, 1.0],
                [1.0, -0.0, 1e-06, 0.0, -0.0, 0.518924, 0.854824, 0.37472, -1e-06, -0.85482, 0.518924, -0.0, 0.0, 0.0, 0.0, 1.0],
                [1.0, -1e-06, 1e-06, -0.0, -0.0, 0.438668, 0.898652, 0.37472, -1e-06, -0.898649, 0.438668, -0.0, 0.0, 0.0, 0.0, 1.0],
                [1.0, -1e-06, 0.0, 0.0, -0.0, 0.293594, 0.955934, 0.37472, -1e-06, -0.95593, 0.293593, -0.0, 0.0, 0.0, 0.0, 1.0],
                [1.0, -1e-06, 0.0, 0.0, -0.0, 0.15892, 0.987294, 0.37472, -1e-06, -0.987291, 0.158918, 0.0, 0.0, 0.0, 0.0, 1.0],
                [1.0, -1e-06, 0.0, 0.0, -0.0, 0.182476, 0.983213, 0.37472, -1e-06, -0.98321, 0.182474, 0.0, 0.0, 0.0, 0.0, 1.0],
                [1.0, -1e-06, 0.0, -0.0, -0.0, 0.272683, 0.962106, 0.37472, -1e-06, -0.962105, 0.272683, -0.0, 0.0, 0.0, 0.0, 1.0],
                [1.0, -1e-06, 1e-06, -0.0, -0.0, 0.4112, 0.911548, 0.37472, -1e-06, -0.911546, 0.4112, 0.0, 0.0, 0.0, 0.0, 1.0],
                [1.0, -0.0, 1e-06, 0.0, -0.0, 0.578747, 0.81551, 0.37472, -1e-06, -0.815508, 0.578748, 0.0, 0.0, 0.0, 0.0, 1.0],
                [1.0, -0.0, 1e-06, -0.0, -0.0, 0.760972, 0.648787, 0.37472, -1e-06, -0.648786, 0.760972, -0.0, 0.0, 0.0, 0.0, 1.0],
                [1.0, -0.0, 1e-06, -0.0, -0.0, 0.927868, 0.37291, 0.37472, -1e-06, -0.372911, 0.927868, 0.0, 0.0, 0.0, 0.0, 1.0],
                [1.0, -0.0, 1e-06, 0.0, -0.0, 0.929446, 0.368959, 0.37472, -1e-06, -0.36896, 0.929446, 0.0, 0.0, 0.0, 0.0, 1.0],
                [1.0, -0.0, 1e-06, -0.0, -0.0, 0.930878, 0.365332, 0.37472, -1e-06, -0.365332, 0.930878, -0.0, 0.0, 0.0, 0.0, 1.0],
                [1.0, -0.0, 1e-06, 0.0, -0.0, 0.942332, 0.33468, 0.37472, -1e-06, -0.334681, 0.942332, 0.0, 0.0, 0.0, 0.0, 1.0],
                [1.0, -0.0, 1e-06, 0.0, -0.0, 0.954741, 0.297441, 0.37472, -1e-06, -0.297441, 0.954741, -0.0, 0.0, 0.0, 0.0, 1.0],
                [1.0, 0.0, 1e-06, 0.0, -0.0, 0.96082, 0.277173, 0.37472, -1e-06, -0.277174, 0.96082, 0.0, 0.0, 0.0, 0.0, 1.0],
                [1.0, 0.0, 1e-06, 0.0, -0.0, 0.966655, 0.256084, 0.37472, -1e-06, -0.256085, 0.966654, 0.0, 0.0, 0.0, 0.0, 1.0],
                [1.0, 0.0, 1e-06, -0.0, -0.0, 0.972088, 0.234616, 0.37472, -1e-06, -0.234617, 0.972088, 0.0, 0.0, 0.0, 0.0, 1.0],
                [1.0, 0.0, 1e-06, -0.0, -0.0, 0.976611, 0.215017, 0.37472, -1e-06, -0.215018, 0.97661, 0.0, 0.0, 0.0, 0.0, 1.0],
                [1.0, 0.0, 1e-06, -0.0, -0.0, 0.976611, 0.215017, 0.37472, -1e-06, -0.215018, 0.97661, 0.0, 0.0, 0.0, 0.0, 1.0],
                [1.0, 0.0, 1e-06, -0.0, -0.0, 0.976611, 0.215017, 0.37472, -1e-06, -0.215018, 0.97661, 0.0, 0.0, 0.0, 0.0, 1.0],
                [1.0, -0.0, 1e-06, 0.0, -0.0, 0.872189, 0.489169, 0.37472, -1e-06, -0.48917, 0.87219, 0.0, 0.0, 0.0, 0.0, 1.0],
                [1.0, -0.0, 1e-06, 0.0, -0.0, 0.73167, 0.681661, 0.37472, -1e-06, -0.68166, 0.73167, 0.0, 0.0, 0.0, 0.0, 1.0],
                [1.0, -0.0, 1e-06, -0.0, -0.0, 0.659517, 0.751692, 0.37472, -1e-06, -0.75169, 0.659517, 0.0, 0.0, 0.0, 0.0, 1.0],
                [1.0, -0.0, 1e-06, 0.0, -0.0, 0.642593, 0.76621, 0.37472, -1e-06, -0.766208, 0.642593, -0.0, 0.0, 0.0, 0.0, 1.0],
                [1.0, -0.0, 1e-06, -0.0, -0.0, 0.666718, 0.745313, 0.37472, -1e-06, -0.745311, 0.666718, 0.0, 0.0, 0.0, 0.0, 1.0],
                [1.0, -0.0, 1e-06, 0.0, -0.0, 0.695299, 0.718723, 0.37472, -1e-06, -0.71872, 0.6953, 0.0, 0.0, 0.0, 0.0, 1.0],
                [1.0, -0.0, 1e-06, -0.0, -0.0, 0.724061, 0.689739, 0.37472, -1e-06, -0.689736, 0.724061, 0.0, 0.0, 0.0, 0.0, 1.0],
                [1.0, -0.0, 1e-06, 0.0, -0.0, 0.751057, 0.660239, 0.37472, -1e-06, -0.660239, 0.751058, 0.0, 0.0, 0.0, 0.0, 1.0],
                [1.0, -0.0, 1e-06, 0.0, -0.0, 0.76909, 0.639142, 0.37472, -1e-06, -0.639141, 0.769092, -0.0, 0.0, 0.0, 0.0, 1.0],
                [1.0, -0.0, 1e-06, 0.0, -0.0, 0.748071, 0.66362, 0.37472, -1e-06, -0.66362, 0.748072, 0.0, 0.0, 0.0, 0.0, 1.0],
                [1.0, -0.0, 1e-06, 0.0, -0.0, 0.673249, 0.739418, 0.37472, -1e-06, -0.739417, 0.673251, 0.0, 0.0, 0.0, 0.0, 1.0],
                [1.0, -0.0, 1e-06, 0.0, -0.0, 0.622465, 0.78265, 0.37472, -1e-06, -0.782648, 0.622467, 0.0, 0.0, 0.0, 0.0, 1.0],
                [1.0, -0.0, 1e-06, -0.0, -0.0, 0.620973, 0.783835, 0.37472, -1e-06, -0.783832, 0.620975, 0.0, 0.0, 0.0, 0.0, 1.0],
                [1.0, -0.0, 1e-06, -0.0, -0.0, 0.671489, 0.741017, 0.37472, -1e-06, -0.741015, 0.67149, -0.0, 0.0, 0.0, 0.0, 1.0],
                [1.0, -0.0, 1e-06, -0.0, -0.0, 0.720899, 0.693043, 0.37472, -1e-06, -0.693041, 0.720901, 0.0, 0.0, 0.0, 0.0, 1.0],
                [1.0, -0.0, 1e-06, -0.0, -0.0, 0.755726, 0.65489, 0.37472, -1e-06, -0.654888, 0.755727, -0.0, 0.0, 0.0, 0.0, 1.0],
                [1.0, -0.0, 1e-06, -0.0, -0.0, 0.80573, 0.592285, 0.37472, -1e-06, -0.592285, 0.805731, 0.0, 0.0, 0.0, 0.0, 1.0],
                [1.0, -0.0, 1e-06, 0.0, -0.0, 0.80573, 0.592286, 0.37472, -1e-06, -0.592284, 0.805731, -0.0, 0.0, 0.0, 0.0, 1.0],
                [1.0, -0.0, 1e-06, 0.0, -0.0, 0.805731, 0.592284, 0.37472, -1e-06, -0.592284, 0.805731, -0.0, 0.0, 0.0, 0.0, 1.0],
                [1.0, -0.0, 1e-06, -0.0, -0.0, 0.80573, 0.592284, 0.37472, -1e-06, -0.592283, 0.805731, 0.0, 0.0, 0.0, 0.0, 1.0],
                [1.0, -0.0, 1e-06, 0.0, -0.0, 0.80573, 0.592285, 0.37472, -1e-06, -0.592283, 0.805731, 0.0, 0.0, 0.0, 0.0, 1.0],
                [1.0, -0.0, 1e-06, -0.0, -0.0, 0.838833, 0.544391, 0.37472, -1e-06, -0.544391, 0.838834, 0.0, 0.0, 0.0, 0.0, 1.0],
                [1.0, -0.0, 1e-06, -0.0, -0.0, 0.87377, 0.48634, 0.37472, -1e-06, -0.486341, 0.873771, -0.0, 0.0, 0.0, 0.0, 1.0],
                [1.0, 0.0, 1e-06, 0.0, -0.0, 0.922159, 0.386812, 0.37472, -1e-06, -0.386813, 0.922159, -0.0, 0.0, 0.0, 0.0, 1.0]
            ]
        },
        {
            "name": "Knee_R",
            "time": [0.0, 0.0167, 0.0333, 0.05, 0.0667, 0.0833, 0.1, 0.1167, 0.15, 0.1833, 0.2, 0.2333, 0.2667, 0.3333, 0.35, 0.4167, 0.5, 0.6, 0.65, 0.6833, 0.7167, 0.7333, 0.7667, 0.8, 0.8167, 0.8333, 0.85, 0.8667, 0.8833, 0.9, 0.9167, 0.95, 0.9833, 1.0, 1.0333, 1.0667, 1.1, 1.25, 1.5333, 1.5667, 1.6, 1.6333, 1.6667, 1.6833, 1.7167, 1.75, 1.7833, 1.8, 1.8333, 1.8667, 1.9, 1.9333, 1.95, 1.9667, 1.9833, 2.0167, 2.2833, 2.4167, 2.5333, 2.55, 2.6667, 2.75, 2.8667],
            "transform": [
                [1.0, 0.0, -0.0, 0.0, -0.0, 1e-06, -1.0, 0.447641, -0.0, 1.0, 0.0, -0.0, 0.0, 0.0, 0.0, 1.0],
                [1.0, 0.0, -0.0, 0.0, -0.0, 1e-06, -1.0, 0.447236, -0.0, 1.0, 1e-06, -0.0, 0.0, 0.0, 0.0, 1.0],
                [1.0, 0.0, -0.0, 0.0, -0.0, 1e-06, -1.0, 0.44544, -0.0, 1.0, 1e-06, -0.0, 0.0, 0.0, 0.0, 1.0],
                [1.0, 0.0, -0.0, 0.0, -0.0, 1e-06, -1.0, 0.443122, -0.0, 1.0, 1e-06, -0.0, 0.0, 0.0, 0.0, 1.0],
                [1.0, 0.0, -0.0, 0.0, -0.0, 1e-06, -1.0, 0.439644, -0.0, 1.0, 1e-06, -0.0, 0.0, 0.0, 0.0, 1.0],
                [1.0, 0.0, -0.0, 0.0, -0.0, 1e-06, -1.0, 0.432725, -0.0, 1.0, 1e-06, -0.0, 0.0, 0.0, 0.0, 1.0],
                [1.0, 0.0, -0.0, 0.0, -0.0, 1e-06, -1.0, 0.428426, -0.0, 1.0, 1e-06, -0.0, 0.0, 0.0, 0.0, 1.0],
                [1.0, 0.0, -0.0, 0.0, -0.0, 1e-06, -1.0, 0.425118, -0.0, 1.0, 1e-06, -0.0, 0.0, 0.0, 0.0, 1.0],
                [1.0, 0.0, -0.0, 0.0, -0.0, 1e-06, -1.0, 0.417043, -0.0, 1.0, 1e-06, 0.0, 0.0, 0.0, 0.0, 1.0],
                [1.0, 0.0, -0.0, -0.0, -0.0, 1e-06, -1.0, 0.408453, -0.0, 1.0, 1e-06, -0.0, 0.0, 0.0, 0.0, 1.0],
                [1.0, 0.0, -0.0, -0.0, -0.0, 1e-06, -1.0, 0.399506, -0.0, 1.0, 1e-06, 0.0, 0.0, 0.0, 0.0, 1.0],
                [1.0, 0.0, -0.0, 0.0, -0.0, 1e-06, -1.0, 0.391137, -0.0, 1.0, 1e-06, 0.0, 0.0, 0.0, 0.0, 1.0],
                [1.0, 0.0, -0.0, 0.0, -0.0, 1e-06, -1.0, 0.387135, -0.0, 1.0, 1e-06, 0.0, 0.0, 0.0, 0.0, 1.0],
                [1.0, 0.0, -0.0, 0.0, -0.0, 1e-06, -1.0, 0.387934, -0.0, 1.0, 1e-06, -0.0, 0.0, 0.0, 0.0, 1.0],
                [1.0, 0.0, -0.0, 0.0, -0.0, 1e-06, -1.0, 0.389145, -0.0, 1.0, 1e-06, -0.0, 0.0, 0.0, 0.0, 1.0],
                [1.0, 0.0, -0.0, 0.0, -0.0, 1e-06, -1.0, 0.393193, -0.0, 1.0, 0.0, -0.0, 0.0, 0.0, 0.0, 1.0],
                [1.0, 0.0, -0.0, 0.0, -0.0, 1e-06, -1.0, 0.402522, -0.0, 1.0, 1e-06, -0.0, 0.0, 0.0, 0.0, 1.0],
                [1.0, 0.0, -0.0, 0.0, -0.0, 1e-06, -1.0, 0.41044, -0.0, 1.0, 1e-06, -0.0, 0.0, 0.0, 0.0, 1.0],
                [1.0, 0.0, -0.0, 0.0, -0.0, 1e-06, -1.0, 0.423318, -0.0, 1.0, 1e-06, 0.0, 0.0, 0.0, 0.0, 1.0],
                [1.0, 0.0, -0.0, 0.0, -0.0, 1e-06, -1.0, 0.42741, -0.0, 1.0, 1e-06, -0.0, 0.0, 0.0, 0.0, 1.0],
                [1.0, 0.0, -0.0, 0.0, -0.0, 1e-06, -1.0, 0.437019, -0.0, 1.0, 1e-06, -0.0, 0.0, 0.0, 0.0, 1.0],
                [1.0, 0.0, -0.0, 0.0, -0.0, 1e-06, -1.0, 0.453419, -0.0, 1.0, 1e-06, -0.0, 0.0, 0.0, 0.0, 1.0],
                [1.0, 0.0, -0.0, 0.0, -0.0, 1e-06, -1.0, 0.467956, -0.0, 1.0, 1e-06, -0.0, 0.0, 0.0, 0.0, 1.0],
                [1.0, 0.0, -0.0, 0.0, -0.0, 1e-06, -1.0, 0.465445, -0.0, 1.0, 1e-06, -0.0, 0.0, 0.0, 0.0, 1.0],
                [1.0, 0.0, -0.0, 0.0, -0.0, 1e-06, -1.0, 0.45571, -0.0, 1.0, 1e-06, -0.0, 0.0, 0.0, 0.0, 1.0],
                [1.0, 0.0, -0.0, 0.0, -0.0, 1e-06, -1.0, 0.440206, -0.0, 1.0, 1e-06, 0.0, 0.0, 0.0, 0.0, 1.0],
                [1.0, 0.0, -0.0, 0.0, -0.0, 1e-06, -1.0, 0.419889, -0.0, 1.0, 1e-06, 0.0, 0.0, 0.0, 0.0, 1.0],
                [1.0, 0.0, -0.0, -0.0, -0.0, 1e-06, -1.0, 0.393879, -0.0, 1.0, 1e-06, -0.0, 0.0, 0.0, 0.0, 1.0],
                [1.0, 0.0, -0.0, 0.0, -0.0, 1e-06, -1.0, 0.37472, -0.0, 1.0, 1e-06, 0.0, 0.0, 0.0, 0.0, 1.0],
                [1.0, 0.0, -0.0, 0.0, -0.0, 1e-06, -1.0, 0.37472, -0.0, 1.0, 1e-06, 0.0, 0.0, 0.0, 0.0, 1.0],
                [1.0, 0.0, -0.0, -0.0, -0.0, 1e-06, -1.0, 0.37472, -0.0, 1.0, 1e-06, -0.0, 0.0, 0.0, 0.0, 1.0],
                [1.0, 0.0, -0.0, -0.0, -0.0, 1e-06, -1.0, 0.37472, -0.0, 1.0, 1e-06, 0.0, 0.0, 0.0, 0.0, 1.0],
                [1.0, 0.0, -0.0, 0.0, -0.0, 1e-06, -1.0, 0.37472, -0.0, 1.0, 1e-06, 0.0, 0.0, 0.0, 0.0, 1.0],
                [1.0, 0.0, -0.0, 0.0, -0.0, 1e-06, -1.0, 0.37472, -0.0, 1.0, 1e-06, -0.0, 0.0, 0.0, 0.0, 1.0],
                [1.0, 0.0, -0.0, -0.0, -0.0, 1e-06, -1.0, 0.37472, 0.0, 1.0, 1e-06, 0.0, 0.0, 0.0, 0.0, 1.0],
                [1.0, 0.0, -0.0, -0.0, -0.0, 1e-06, -1.0, 0.37472, -0.0, 1.0, 1e-06, 0.0, 0.0, 0.0, 0.0, 1.0],
                [1.0, 0.0, -0.0, 0.0, -0.0, 1e-06, -1.0, 0.37472, -0.0, 1.0, 1e-06, -0.0, 0.0, 0.0, 0.0, 1.0],
                [1.0, 0.0, -0.0, 0.0, -0.0, 1e-06, -1.0, 0.37472, -0.0, 1.0, 1e-06, -0.0, 0.0, 0.0, 0.0, 1.0],
                [1.0, 0.0, -0.0, 0.0, -0.0, 1e-06, -1.0, 0.37472, -0.0, 1.0, 1e-06, -0.0, 0.0, 0.0, 0.0, 1.0],
                [1.0, 0.0, -0.0, -0.0, -0.0, 1e-06, -1.0, 0.37472, -0.0, 1.0, 1e-06, -0.0, 0.0, 0.0, 0.0, 1.0],
                [1.0, 0.0, -0.0, -0.0, -0.0, 1e-06, -1.0, 0.398505, -0.0, 1.0, 1e-06, -0.0, 0.0, 0.0, 0.0, 1.0],
                [1.0, 0.0, -0.0, -0.0, -0.0, 1e-06, -1.0, 0.409071, -0.0, 1.0, 1e-06, 0.0, 0.0, 0.0, 0.0, 1.0],
                [1.0, 0.0, -0.0, -0.0, -0.0, 1e-06, -1.0, 0.411414, -0.0, 1.0, 1e-06, 0.0, 0.0, 0.0, 0.0, 1.0],
                [1.0, 0.0, -0.0, -0.0, -0.0, 1e-06, -1.0, 0.408061, -0.0, 1.0, 1e-06, 0.0, 0.0, 0.0, 0.0, 1.0],
                [1.0, 0.0, -0.0, 0.0, -0.0, 1e-06, -1.0, 0.40396, -0.0, 1.0, 1e-06, 0.0, 0.0, 0.0, 0.0, 1.0],
                [1.0, 0.0, -0.0, -0.0, -0.0, 1e-06, -1.0, 0.39967, -0.0, 1.0, 1e-06, 0.0, 0.0, 0.0, 0.0, 1.0],
                [1.0, 0.0, -0.0, -0.0, -0.0, 1e-06, -1.0, 0.39547, -0.0, 1.0, 1e-06, 0.0, 0.0, 0.0, 0.0, 1.0],
                [1.0, 0.0, -0.0, -0.0, -0.0, 1e-06, -1.0, 0.392554, -0.0, 1.0, 1e-06, -0.0, 0.0, 0.0, 0.0, 1.0],
                [1.0, 0.0, -0.0, 0.0, -0.0, 1e-06, -1.0, 0.395944, -0.0, 1.0, 1e-06, 0.0, 0.0, 0.0, 0.0, 1.0],
                [1.0, 0.0, -0.0, 0.0, -0.0, 1e-06, -1.0, 0.407137, -0.0, 1.0, 1e-06, 0.0, 0.0, 0.0, 0.0, 1.0],
                [1.0, 0.0, -0.0, 0.0, -0.0, 1e-06, -1.0, 0.414144, -0.0, 1.0, 1e-06, -0.0, 0.0, 0.0, 0.0, 1.0],
                [1.0, 0.0, -0.0, -0.0, -0.0, 1e-06, -1.0, 0.414344, -0.0, 1.0, 1e-06, 0.0, 0.0, 0.0, 0.0, 1.0],
                [1.0, 0.0, -0.0, -0.0, -0.0, 1e-06, -1.0, 0.407386, -0.0, 1.0, 0.0, 0.0, 0.0, 0.0, 0.0, 1.0],
                [1.0, 0.0, -0.0, -0.0, -0.0, 1e-06, -1.0, 0.400151, -0.0, 1.0, 1e-06, 0.0, 0.0, 0.0, 0.0, 1.0],
                [1.0, 0.0, -0.0, -0.0, -0.0, 1e-06, -1.0, 0.394724, -0.0, 1.0, 1e-06, -0.0, 0.0, 0.0, 0.0, 1.0],
                [1.0, 0.0, -0.0, -0.0, -0.0, 1e-06, -1.0, 0.386306, -0.0, 1.0, 1e-06, -0.0, 0.0, 0.0, 0.0, 1.0],
                [1.0, 0.0, -0.0, -0.0, -0.0, 1e-06, -1.0, 0.386306, -0.0, 1.0, 1e-06, 0.0, 0.0, 0.0, 0.0, 1.0],
                [1.0, 0.0, -0.0, 0.0, -0.0, 1e-06, -1.0, 0.386305, -0.0, 1.0, 1e-06, 0.0, 0.0, 0.0, 0.0, 1.0],
                [1.0, 0.0, -0.0, -0.0, -0.0, 1e-06, -1.0, 0.386305, -0.0, 1.0, 1e-06, 0.0, 0.0, 0.0, 0.0, 1.0],
                [1.0, 0.0, -0.0, 0.0, -0.0, 1e-06, -1.0, 0.386305, -0.0, 1.0, 1e-06, -0.0, 0.0, 0.0, 0.0, 1.0],
                [1.0, 0.0, -0.0, 0.0, -0.0, 1e-06, -1.0, 0.380189, -0.0, 1.0, 1e-06, 0.0, 0.0, 0.0, 0.0, 1.0],
                [1.0, 0.0, -0.0, 0.0, -0.0, 1e-06, -1.0, 0.37472, -0.0, 1.0, 1e-06, -0.0, 0.0, 0.0, 0.0, 1.0],
                [1.0, 0.0, -0.0, 0.0, -0.0, 1e-06, -1.0, 0.37472, -0.0, 1.0, 1e-06, -0.0, 0.0, 0.0, 0.0, 1.0]
            ]
        },
        {
            "name": "Thigh_L",
            "time": [0.0, 0.0167, 0.0333, 0.05, 0.0667, 0.0833, 0.1, 0.1167, 0.15, 0.1833, 0.2, 0.2333, 0.2667, 0.3333, 0.35, 0.4167, 0.5, 0.6, 0.65, 0.6833, 0.7167, 0.7333, 0.7667, 0.8, 0.8167, 0.8333, 0.85, 0.8667, 0.8833, 0.9, 0.9167, 0.95, 0.9833, 1.0, 1.0333, 1.0667, 1.1, 1.25, 1.5333, 1.5667, 1.6, 1.6333, 1.6667, 1.6833, 1.7167, 1.75, 1.7833, 1.8, 1.8333, 1.8667, 1.9, 1.9333, 1.95, 1.9667, 1.9833, 2.0167, 2.2833, 2.4167, 2.5333, 2.55, 2.6667, 2.75, 2.8667],
            "transform": [
                [0.837981, -0.468102, -0.28048, -0.125006, -0.419857, -0.881374, 0.216551, -0.002831, -0.348576, -0.063696, -0.935113, -1.2e-05, 0.0, 0.0, 0.0, 1.0],
                [0.856202, -0.457042, -0.240897, -0.125006, -0.42389, -0.888012, 0.178176, -0.002831, -0.295352, -0.050433, -0.954055, -1.2e-05, 0.0, 0.0, 0.0, 1.0],
                [0.877083, -0.437116, -0.199137, -0.125006, -0.417108, -0.89869, 0.13554, -0.002831, -0.238209, -0.035811, -0.970553, -1.2e-05, 0.0, 0.0, 0.0, 1.0],
                [0.880231, -0.426775, -0.2075, -0.125006, -0.406123, -0.903668, 0.1358, -0.002831, -0.245467, -0.035257, -0.968763, -1.2e-05, 0.0, 0.0, 0.0, 1.0],
                [0.870261, -0.421498, -0.25492, -0.125006, -0.392356, -0.90603, 0.158622, -0.002831, -0.297824, -0.038015, -0.953863, -1.2e-05, 0.0, 0.0, 0.0, 1.0],
                [0.843723, -0.414802, -0.340691, -0.125006, -0.366387, -0.908882, 0.199225, -0.002831, -0.392287, -0.043258, -0.918825, -1.2e-05, 0.0, 0.0, 0.0, 1.0],
                [0.824829, -0.412131, -0.387047, -0.125006, -0.350801, -0.909923, 0.221304, -0.002831, -0.443389, -0.046753, -0.895108, -1.2e-05, 0.0, 0.0, 0.0, 1.0],
                [0.809547, -0.41096, -0.419218, -0.125006, -0.338686, -0.91023, 0.238262, -0.002831, -0.479502, -0.050893, -0.876063, -1.2e-05, 0.0, 0.0, 0.0, 1.0],
                [0.774203, -0.408975, -0.483062, -0.125006, -0.310187, -0.910434, 0.273661, -0.002831, -0.551717, -0.062021, -0.831721, -1.2e-05, 0.0, 0.0, 0.0, 1.0],
