{
    "animation": [
        {
            "name": "Root",
            "time": [0.0, 0.15, 0.3, 0.45, 0.6],
            "transform": [
                [0.962859, -0.011225, 0.26977, -5e-06, 0.246946, 0.440615, -0.863062, 0.141, -0.109177, 0.897626, 0.427022, 0.745964, 0.0, 0.0, 0.0, 1.0],
                [0.962859, -0.011225, 0.26977, -5e-06, 0.246946, 0.440615, -0.863062, 0.141, -0.109177, 0.897626, 0.427022, 0.745964, 0.0, 0.0, 0.0, 1.0],
                [0.962859, -0.011225, 0.26977, -5e-06, 0.246946, 0.440615, -0.863062, 0.141, -0.109177, 0.897626, 0.427022, 0.745964, 0.0, 0.0, 0.0, 1.0],
                [0.962859, -0.011225, 0.26977, -5e-06, 0.246946, 0.440615, -0.863062, 0.141, -0.109177, 0.897626, 0.427022, 0.745964, 0.0, 0.0, 0.0, 1.0],
                [0.962859, -0.011225, 0.26977, -5e-06, 0.246946, 0.440615, -0.863062, 0.141, -0.109177, 0.897626, 0.427022, 0.745964, 0.0, 0.0, 0.0, 1.0]
            ]
        },
        {
            "name": "Thigh_R",
            "time": [0.0, 0.6],
            "transform": [
                [0.907708, 0.342034, 0.243055, 0.124994, 0.045752, -0.656475, 0.752957, -0.002831, 0.4171, -0.672344, -0.611539, -1.2e-05, 0.0, 0.0, 0.0, 1.0],
                [0.907708, 0.342034, 0.243055, 0.124994, 0.045752, -0.656475, 0.752957, -0.002831, 0.4171, -0.672344, -0.611539, -1.2e-05, 0.0, 0.0, 0.0, 1.0]
            ]
        },
        {
            "name": "Leg_R",
            "time": [0.0, 0.6],
            "transform": [
                [1.0, -0.0, 1e-06, 0.0, -0.0, 0.929369, 0.369155, 0.37472, -1e-06, -0.369155, 0.929367, -0.0, 0.0, 0.0, 0.0, 1.0],
                [1.0, -0.0, 1e-06, 0.0, -0.0, 0.929369, 0.369155, 0.37472, -1e-06, -0.369155, 0.929367, -0.0, 0.0, 0.0, 0.0, 1.0]
            ]
        },
        {
            "name": "Knee_R",
            "time": [0.0, 0.6],
            "transform": [
                [1.0, 0.0, -0.0, -0.0, -0.0, 1e-06, -1.0, 0.37472, -0.0, 1.0, 1e-06, -0.0, 0.0, 0.0, 0.0, 1.0],
                [1.0, 0.0, -0.0, -0.0, -0.0, 1e-06, -1.0, 0.37472, -0.0, 1.0, 1e-06, -0.0, 0.0, 0.0, 0.0, 1.0]
            ]
        },
        {
            "name": "Thigh_L",
            "time": [0.0, 0.6],
            "transform": [
                [0.781717, -0.118102, -0.612349, -0.125006, 0.17456, -0.901221, 0.396649, -0.002831, -0.598705, -0.416956, -0.683883, -1.2e-05, 0.0, 0.0, 0.0, 1.0],
                [0.781717, -0.118102, -0.612349, -0.125006, 0.17456, -0.901221, 0.396649, -0.002831, -0.598705, -0.416956, -0.683883, -1.2e-05, 0.0, 0.0, 0.0, 1.0]
            ]
        },
        {
            "name": "Leg_L",
            "time": [0.0, 0.6],
            "transform": [
                [1.0, 0.0, 1e-06, 0.0, -0.0, 0.999988, 0.004751, 0.37472, -1e-06, -0.004751, 0.999989, -0.0, 0.0, 0.0, 0.0, 1.0],
                [1.0, 0.0, 1e-06, 0.0, -0.0, 0.999988, 0.004751, 0.37472, -1e-06, -0.004751, 0.999989, -0.0, 0.0, 0.0, 0.0, 1.0]
            ]
        },
        {
            "name": "Knee_L",
            "time": [0.0, 0.6],
            "transform": [
                [1.0, -0.0, -0.0, 0.0, -0.0, 1e-06, -1.0, 0.37472, -0.0, 1.0, 1e-06, -0.0, 0.0, 0.0, 0.0, 1.0],
                [1.0, -0.0, -0.0, 0.0, -0.0, 1e-06, -1.0, 0.37472, -0.0, 1.0, 1e-06, -0.0, 0.0, 0.0, 0.0, 1.0]
            ]
        },
        {
            "name": "Torso",
            "time": [0.0, 0.15, 0.3, 0.45, 0.6],
            "transform": [
                [0.999912, 0.01324, 0.000865, 0.0, -0.013266, 0.998793, 0.0473, 0.05, -0.000238, -0.047307, 0.99888, 0.0, 0.0, 0.0, 0.0, 1.0],
                [0.999912, 0.01324, 0.000865, 0.0, -0.013266, 0.998793, 0.0473, 0.05, -0.000238, -0.047307, 0.99888, 0.0, 0.0, 0.0, 0.0, 1.0],
                [0.999912, 0.01324, 0.000865, 0.0, -0.013266, 0.998793, 0.0473, 0.05, -0.000238, -0.047307, 0.99888, 0.0, 0.0, 0.0, 0.0, 1.0],
                [0.999912, 0.01324, 0.000865, 0.0, -0.013266, 0.998793, 0.0473, 0.05, -0.000238, -0.047307, 0.99888, 0.0, 0.0, 0.0, 0.0, 1.0],
                [0.999912, 0.01324, 0.000865, 0.0, -0.013266, 0.998793, 0.0473, 0.05, -0.000238, -0.047307, 0.99888, 0.0, 0.0, 0.0, 0.0, 1.0]
            ]
        },
        {
            "name": "Chest",
            "time": [0.0, 0.15, 0.3, 0.45, 0.6],
            "transform": [
                [0.909189, 0.032425, 0.415118, -0.0, -0.077514, 0.992716, 0.092231, 0.3, -0.409104, -0.116032, 0.90508, 0.0, 0.0, 0.0, 0.0, 1.0],
                [0.958115, 0.032425, 0.284544, -0.0, -0.063924, 0.992716, 0.102121, 0.3, -0.27916, -0.116033, 0.953208, 0.0, 0.0, 0.0, 0.0, 1.0],
                [0.909189, 0.032425, 0.415118, -0.0, -0.077514, 0.992716, 0.092231, 0.3, -0.409104, -0.116032, 0.90508, 0.0, 0.0, 0.0, 0.0, 1.0],
                [0.842568, 0.032425, 0.537613, -0.0, -0.089596, 0.992716, 0.080545, 0.3, -0.531086, -0.116033, 0.839336, 0.0, 0.0, 0.0, 0.0, 1.0],
                [0.909189, 0.032425, 0.415118, -0.0, -0.077514, 0.992716, 0.092231, 0.3, -0.409104, -0.116032, 0.90508, 0.0, 0.0, 0.0, 0.0, 1.0]
            ]
        },
        {
            "name": "Head",
            "time": [0.0, 0.15, 0.3, 0.45, 0.6],
            "transform": [
                [0.769917, -0.010581, -0.638057, 0.0, -0.015299, 0.999269, -0.035032, 0.4, 0.637961, 0.036734, 0.769192, -0.0, 0.0, 0.0, 0.0, 1.0],
                [0.838534, -0.020171, -0.544476, -0.0, 0.001094, 0.999375, -0.035338, 0.4, 0.544849, 0.029036, 0.838032, -0.0, 0.0, 0.0, 0.0, 1.0],
                [0.75759, -0.016826, -0.652514, 0.0, -0.008441, 0.999331, -0.035568, 0.4, 0.652677, 0.032454, 0.756941, -0.0, 0.0, 0.0, 0.0, 1.0],
                [0.681789, -0.030068, -0.730931, 0.0, -0.000104, 0.999151, -0.041198, 0.4, 0.731549, 0.028165, 0.681207, 0.0, 0.0, 0.0, 0.0, 1.0],
                [0.783132, -0.02339, -0.621415, 0.0, 0.003348, 0.999436, -0.0334, 0.4, 0.621847, 0.024076, 0.782769, -0.0, 0.0, 0.0, 0.0, 1.0]
            ]
        },
        {
            "name": "Shoulder_R",
            "time": [0.0, 0.15, 0.3, 0.45, 0.6],
            "transform": [
                [0.498034, 0.829635, 0.252326, 0.0, 0.517855, -0.517945, 0.680851, 0.4, 0.695549, -0.208419, -0.687585, -0.0, 0.0, 0.0, 0.0, 1.0],
                [0.416247, 0.861403, 0.29107, -0.0, 0.581185, -0.498249, 0.643407, 0.4, 0.699259, -0.098651, -0.708029, -0.0, 0.0, 0.0, 0.0, 1.0],
                [0.498034, 0.829635, 0.252326, 0.0, 0.517855, -0.517945, 0.680851, 0.4, 0.695549, -0.208419, -0.687585, -0.0, 0.0, 0.0, 0.0, 1.0],
                [0.525189, 0.812508, 0.252998, 0.0, 0.498853, -0.534809, 0.682, 0.4, 0.689436, -0.23197, -0.686198, 0.0, 0.0, 0.0, 0.0, 1.0],
                [0.498034, 0.829635, 0.252326, 0.0, 0.517855, -0.517945, 0.680851, 0.4, 0.695549, -0.208419, -0.687585, -0.0, 0.0, 0.0, 0.0, 1.0]
            ]
        },
        {
            "name": "Arm_R",
            "time": [0.0, 0.6],
            "transform": [
                [0.169476, -0.969835, -0.175209, 0.0, -0.455746, 0.080506, -0.886461, 0.39386, 0.873826, 0.230084, -0.428355, -0.0, 0.0, 0.0, 0.0, 1.0],
                [0.169476, -0.969835, -0.175209, 0.0, -0.455746, 0.080506, -0.886461, 0.39386, 0.873826, 0.230084, -0.428355, -0.0, 0.0, 0.0, 0.0, 1.0]
            ]
        },
        {
            "name": "Hand_R",
            "time": [0.0, 0.6],
            "transform": [
                [1.0, 0.0, -0.0, -0.0, 0.0, 0.887865, -0.460105, 0.3, -0.0, 0.460105, 0.887865, 0.0, 0.0, 0.0, 0.0, 1.0],
                [1.0, 0.0, -0.0, -0.0, 0.0, 0.887865, -0.460105, 0.3, -0.0, 0.460105, 0.887865, 0.0, 0.0, 0.0, 0.0, 1.0]
            ]
        },
        {
            "name": "Tool_R",
            "time": [0.0, 0.15, 0.3, 0.45, 0.6],
            "transform": [
                [0.001, 0.0, 0.0, -0.0, 0.0, -0.001, 1.8e-05, 0.272858, 0.0, -1.8e-05, -0.000999, -0.0, 0.0, 0.0, 0.0, 1.0],
                [0.001, 0.0, 0.0, -0.0, 0.0, -0.001, 1.8e-05, 0.272858, 0.0, -1.8e-05, -0.000999, 0.0, 0.0, 0.0, 0.0, 1.0],
                [0.001, 0.0, 0.0, -0.0, 0.0, -0.001, 1.8e-05, 0.272858, 0.0, -1.8e-05, -0.000999, -0.0, 0.0, 0.0, 0.0, 1.0],
                [0.001, 0.0, 0.0, -0.0, 0.0, -0.001, 1.8e-05, 0.272858, 0.0, -1.8e-05, -0.000999, -0.0, 0.0, 0.0, 0.0, 1.0],
                [0.001, 0.0, 0.0, -0.0, 0.0, -0.001, 1.8e-05, 0.272858, 0.0, -1.8e-05, -0.000999, -0.0, 0.0, 0.0, 0.0, 1.0]
            ]
        },
        {
            "name": "Elbow_R",
            "time": [0.0, 0.6],
            "transform": [
                [-1.0, 0.0, -0.0, 0.0, 0.0, 0.0, -1.0, 0.355129, -0.0, -1.0, 0.0, -0.0, 0.0, 0.0, 0.0, 1.0],
                [-1.0, 0.0, -0.0, 0.0, 0.0, 0.0, -1.0, 0.355129, -0.0, -1.0, 0.0, -0.0, 0.0, 0.0, 0.0, 1.0]
            ]
        },
        {
            "name": "Shoulder_L",
            "time": [0.0, 0.15, 0.3, 0.45, 0.6],
            "transform": [
                [0.018423, -0.95207, -0.305324, 0.0, -0.402121, -0.286644, 0.869559, 0.4, -0.915401, 0.106757, -0.388129, -0.0, 0.0, 0.0, 0.0, 1.0],
                [0.03767, -0.954323, -0.296393, -0.0, -0.26026, -0.295736, 0.919133, 0.4, -0.964803, 0.042516, -0.259513, -0.0, 0.0, 0.0, 0.0, 1.0],
                [0.018423, -0.95207, -0.305324, 0.0, -0.402121, -0.286644, 0.869559, 0.4, -0.915401, 0.106757, -0.388129, -0.0, 0.0, 0.0, 0.0, 1.0],
                [-0.079444, -0.915936, -0.393383, 0.0, -0.395917, -0.333177, 0.855712, 0.4, -0.914843, 0.223728, -0.336165, 0.0, 0.0, 0.0, 0.0, 1.0],
                [0.018423, -0.95207, -0.305324, 0.0, -0.402121, -0.286644, 0.869559, 0.4, -0.915401, 0.106757, -0.388129, -0.0, 0.0, 0.0, 0.0, 1.0]
            ]
        },
        {
            "name": "Arm_L",
            "time": [0.0, 0.6],
            "transform": [
                [-0.315697, -0.116675, 0.941659, 0.0, -0.71267, 0.684356, -0.154133, 0.39386, -0.626447, -0.719752, -0.299201, -0.0, 0.0, 0.0, 0.0, 1.0],
                [-0.315697, -0.116675, 0.941659, 0.0, -0.71267, 0.684356, -0.154133, 0.39386, -0.626447, -0.719752, -0.299201, -0.0, 0.0, 0.0, 0.0, 1.0]
            ]
        },
        {
            "name": "Hand_L",
            "time": [0.0, 0.6],
            "transform": [
                [1.0, 0.0, -0.0, -0.0, -0.0, 0.430847, -0.902426, 0.3, -0.0, 0.902425, 0.430847, 0.0, 0.0, 0.0, 0.0, 1.0],
                [1.0, 0.0, -0.0, -0.0, -0.0, 0.430847, -0.902426, 0.3, -0.0, 0.902425, 0.430847, 0.0, 0.0, 0.0, 0.0, 1.0]
            ]
        },
        {
            "name": "Tool_L",
            "time": [0.0, 0.15, 0.3, 0.45, 0.6],
            "transform": [
                [0.955976, -5.8e-05, 0.293445, -0.005872, 0.099883, -0.940223, -0.325584, 0.279373, 0.275762, 0.34035, -0.898299, 0.017975, 0.0, 0.0, 0.0, 1.0],
                [0.955976, -5.8e-05, 0.293445, -0.005872, 0.099883, -0.940222, -0.325584, 0.279373, 0.275761, 0.34035, -0.898299, 0.017974, 0.0, 0.0, 0.0, 1.0],
                [0.955976, -5.8e-05, 0.293445, -0.005872, 0.099883, -0.940223, -0.325584, 0.279373, 0.275762, 0.34035, -0.898299, 0.017975, 0.0, 0.0, 0.0, 1.0],
                [0.955976, -5.8e-05, 0.293445, -0.005872, 0.099883, -0.940223, -0.325584, 0.279373, 0.275762, 0.34035, -0.898299, 0.017974, 0.0, 0.0, 0.0, 1.0],
                [0.955976, -5.8e-05, 0.293445, -0.005872, 0.099883, -0.940223, -0.325584, 0.279373, 0.275762, 0.34035, -0.898299, 0.017975, 0.0, 0.0, 0.0, 1.0]
            ]
        },
        {
            "name": "Elbow_L",
            "time": [0.0, 0.6],
            "transform": [
                [-1.0, 0.0, -0.0, -0.0, 0.0, -0.0, -1.0, 0.415783, -0.0, -1.0, 0.0, 0.0, 0.0, 0.0, 0.0, 1.0],
                [-1.0, 0.0, -0.0, -0.0, 0.0, -0.0, -1.0, 0.415783, -0.0, -1.0, 0.0, 0.0, 0.0, 0.0, 0.0, 1.0]
            ]
        }
    ]
}