{
    "animation": [
        {
            "name": "Root",
            "time": [0.0, 0.2, 0.4, 0.6, 0.8],
            "transform": [
                [0.834452, 0.011229, 0.550966, -0.005112, 0.55087, 0.010645, -0.834523, -0.03311, -0.015236, 0.99988, 0.002697, 0.720748, 0.0, 0.0, 0.0, 1.0],
                [0.834452, 0.011229, 0.550966, -0.005112, 0.55087, 0.010645, -0.834523, -0.03311, -0.015236, 0.99988, 0.002697, 0.720748, 0.0, 0.0, 0.0, 1.0],
                [0.834452, 0.011229, 0.550966, -0.005112, 0.55087, 0.010645, -0.834523, -0.03311, -0.015236, 0.99988, 0.002697, 0.720748, 0.0, 0.0, 0.0, 1.0],
                [0.834452, 0.011229, 0.550966, -0.005112, 0.55087, 0.010645, -0.834523, -0.03311, -0.015236, 0.99988, 0.002697, 0.720748, 0.0, 0.0, 0.0, 1.0],
                [0.834452, 0.011229, 0.550966, -0.005112, 0.55087, 0.010645, -0.834523, -0.03311, -0.015236, 0.99988, 0.002697, 0.720748, 0.0, 0.0, 0.0, 1.0]
            ]
        },
        {
            "name": "Thigh_R",
            "time": [0.0, 0.2, 0.4, 0.6, 0.8],
            "transform": [
                [0.688094, 0.438512, 0.578126, 0.124994, 0.213567, -0.883832, 0.416205, -0.002831, 0.693479, -0.16292, -0.701814, -1.2e-05, 0.0, 0.0, 0.0, 1.0],
                [0.688094, 0.438512, 0.578126, 0.124994, 0.213567, -0.883832, 0.416205, -0.002831, 0.693479, -0.16292, -0.701814, -1.2e-05, 0.0, 0.0, 0.0, 1.0],
                [0.688094, 0.438512, 0.578126, 0.124994, 0.213567, -0.883832, 0.416205, -0.002831, 0.693479, -0.16292, -0.701814, -1.2e-05, 0.0, 0.0, 0.0, 1.0],
                [0.688094, 0.438512, 0.578126, 0.124994, 0.213567, -0.883832, 0.416205, -0.002831, 0.693479, -0.16292, -0.701814, -1.2e-05, 0.0, 0.0, 0.0, 1.0],
                [0.688094, 0.438512, 0.578126, 0.124994, 0.213567, -0.883832, 0.416205, -0.002831, 0.693479, -0.16292, -0.701814, -1.2e-05, 0.0, 0.0, 0.0, 1.0]
            ]
        },
        {
            "name": "Leg_R",
            "time": [0.0, 0.2, 0.4, 0.6, 0.8],
            "transform": [
                [1.0, -0.0, 1e-06, 0.0, -0.0, 0.916649, 0.399693, 0.37472, -1e-06, -0.399695, 0.916649, 0.0, 0.0, 0.0, 0.0, 1.0],
                [1.0, -0.0, 1e-06, 0.0, -0.0, 0.916649, 0.399693, 0.37472, -1e-06, -0.399695, 0.916649, 0.0, 0.0, 0.0, 0.0, 1.0],
                [1.0, -0.0, 1e-06, 0.0, -0.0, 0.916649, 0.399693, 0.37472, -1e-06, -0.399695, 0.916649, 0.0, 0.0, 0.0, 0.0, 1.0],
                [1.0, -0.0, 1e-06, 0.0, -0.0, 0.916649, 0.399693, 0.37472, -1e-06, -0.399695, 0.916649, 0.0, 0.0, 0.0, 0.0, 1.0],
                [1.0, -0.0, 1e-06, 0.0, -0.0, 0.916649, 0.399693, 0.37472, -1e-06, -0.399695, 0.916649, 0.0, 0.0, 0.0, 0.0, 1.0]
            ]
        },
        {
            "name": "Knee_R",
            "time": [0.0, 0.2, 0.4, 0.6, 0.8],
            "transform": [
                [1.0, 0.0, -0.0, 0.0, -0.0, 1e-06, -1.0, 0.37472, -0.0, 1.0, 1e-06, -0.0, 0.0, 0.0, 0.0, 1.0],
                [1.0, 0.0, -0.0, 0.0, -0.0, 1e-06, -1.0, 0.37472, -0.0, 1.0, 1e-06, -0.0, 0.0, 0.0, 0.0, 1.0],
                [1.0, 0.0, -0.0, 0.0, -0.0, 1e-06, -1.0, 0.37472, -0.0, 1.0, 1e-06, -0.0, 0.0, 0.0, 0.0, 1.0],
                [1.0, 0.0, -0.0, 0.0, -0.0, 1e-06, -1.0, 0.37472, -0.0, 1.0, 1e-06, -0.0, 0.0, 0.0, 0.0, 1.0],
                [1.0, 0.0, -0.0, 0.0, -0.0, 1e-06, -1.0, 0.37472, -0.0, 1.0, 1e-06, -0.0, 0.0, 0.0, 0.0, 1.0]
            ]
        },
        {
            "name": "Thigh_L",
            "time": [0.0, 0.2, 0.4, 0.6, 0.8],
            "transform": [
                [0.939923, -0.24073, -0.242064, -0.125006, -0.143836, -0.922307, 0.358692, -0.002831, -0.309602, -0.302322, -0.901522, -1.2e-05, 0.0, 0.0, 0.0, 1.0],
                [0.939923, -0.24073, -0.242064, -0.125006, -0.143836, -0.922307, 0.358692, -0.002831, -0.309602, -0.302322, -0.901522, -1.2e-05, 0.0, 0.0, 0.0, 1.0],
                [0.939923, -0.24073, -0.242064, -0.125006, -0.143836, -0.922307, 0.358692, -0.002831, -0.309602, -0.302322, -0.901522, -1.2e-05, 0.0, 0.0, 0.0, 1.0],
                [0.939923, -0.24073, -0.242064, -0.125006, -0.143836, -0.922307, 0.358692, -0.002831, -0.309602, -0.302322, -0.901522, -1.2e-05, 0.0, 0.0, 0.0, 1.0],
                [0.939923, -0.24073, -0.242064, -0.125006, -0.143836, -0.922307, 0.358692, -0.002831, -0.309602, -0.302322, -0.901522, -1.2e-05, 0.0, 0.0, 0.0, 1.0]
            ]
        },
        {
            "name": "Leg_L",
            "time": [0.0, 0.2, 0.4, 0.6, 0.8],
            "transform": [
                [1.0, -0.0, 1e-06, -0.0, -0.0, 0.848178, 0.52971, 0.37472, -1e-06, -0.529712, 0.84818, 0.0, 0.0, 0.0, 0.0, 1.0],
                [1.0, -0.0, 1e-06, -0.0, -0.0, 0.848178, 0.52971, 0.37472, -1e-06, -0.529712, 0.84818, 0.0, 0.0, 0.0, 0.0, 1.0],
                [1.0, -0.0, 1e-06, -0.0, -0.0, 0.848178, 0.52971, 0.37472, -1e-06, -0.529712, 0.84818, 0.0, 0.0, 0.0, 0.0, 1.0],
                [1.0, -0.0, 1e-06, -0.0, -0.0, 0.848178, 0.52971, 0.37472, -1e-06, -0.529712, 0.84818, 0.0, 0.0, 0.0, 0.0, 1.0],
                [1.0, -0.0, 1e-06, -0.0, -0.0, 0.848178, 0.52971, 0.37472, -1e-06, -0.529712, 0.84818, 0.0, 0.0, 0.0, 0.0, 1.0]
            ]
        },
        {
            "name": "Knee_L",
            "time": [0.0, 0.2, 0.4, 0.6, 0.8],
            "transform": [
                [1.0, -0.0, -0.0, -0.0, -0.0, 1e-06, -1.0, 0.378361, 0.0, 1.0, 1e-06, 0.0, 0.0, 0.0, 0.0, 1.0],
                [1.0, -0.0, -0.0, -0.0, -0.0, 1e-06, -1.0, 0.378361, 0.0, 1.0, 1e-06, 0.0, 0.0, 0.0, 0.0, 1.0],
                [1.0, -0.0, -0.0, -0.0, -0.0, 1e-06, -1.0, 0.378361, 0.0, 1.0, 1e-06, 0.0, 0.0, 0.0, 0.0, 1.0],
                [1.0, -0.0, -0.0, -0.0, -0.0, 1e-06, -1.0, 0.378361, 0.0, 1.0, 1e-06, 0.0, 0.0, 0.0, 0.0, 1.0],
                [1.0, -0.0, -0.0, -0.0, -0.0, 1e-06, -1.0, 0.378361, 0.0, 1.0, 1e-06, 0.0, 0.0, 0.0, 0.0, 1.0]
            ]
        },
        {
            "name": "Torso",
            "time": [0.0, 0.2, 0.4, 0.6, 0.8],
            "transform": [
                [0.993142, 0.053421, -0.103992, -0.0, -0.036089, 0.986143, 0.161924, 0.05, 0.111201, -0.157061, 0.981308, 0.0, 0.0, 0.0, 0.0, 1.0],
                [0.996422, 0.047805, -0.069702, -0.0, -0.035946, 0.986064, 0.162439, 0.05, 0.076496, -0.159352, 0.984254, 0.0, 0.0, 0.0, 0.0, 1.0],
                [0.998488, 0.042114, -0.035331, -0.0, -0.03582, 0.985983, 0.162958, 0.05, 0.041698, -0.161446, 0.986, 0.0, 0.0, 0.0, 0.0, 1.0],
                [0.996422, 0.047805, -0.069702, -0.0, -0.035946, 0.986064, 0.162439, 0.05, 0.076496, -0.159352, 0.984254, 0.0, 0.0, 0.0, 0.0, 1.0],
                [0.993142, 0.053421, -0.103992, -0.0, -0.036089, 0.986143, 0.161924, 0.05, 0.111201, -0.157061, 0.981308, 0.0, 0.0, 0.0, 0.0, 1.0]
            ]
        },
        {
            "name": "Chest",
            "time": [0.0, 0.2, 0.4, 0.6, 0.8],
            "transform": [
                [0.969347, 0.017091, 0.245101, 0.0, -0.015045, 0.999834, -0.010219, 0.3, -0.245235, 0.006218, 0.969444, -0.0, 0.0, 0.0, 0.0, 1.0],
                [0.939083, 0.0, 0.34369, -0.0, 0.0, 1.0, -0.0, 0.3, -0.34369, 0.0, 0.939083, -0.0, 0.0, 0.0, 0.0, 1.0],
                [0.913199, -0.011711, 0.407346, 0.0, 0.009411, 0.999926, 0.007651, 0.3, -0.407406, -0.003153, 0.913242, -0.0, 0.0, 0.0, 0.0, 1.0],
                [0.939083, 0.0, 0.34369, -0.0, 0.0, 1.0, -0.0, 0.3, -0.34369, 0.0, 0.939083, -0.0, 0.0, 0.0, 0.0, 1.0],
                [0.969347, 0.017091, 0.245101, 0.0, -0.015045, 0.999834, -0.010219, 0.3, -0.245235, 0.006218, 0.969444, -0.0, 0.0, 0.0, 0.0, 1.0]
            ]
        },
        {
            "name": "Head",
            "time": [0.0, 0.2, 0.4, 0.6, 0.8],
            "transform": [
                [0.756, 0.006794, -0.654536, -0.0, -0.038531, 0.998674, -0.034138, 0.4, 0.653437, 0.051028, 0.755259, -0.0, 0.0, 0.0, 0.0, 1.0],
                [0.651817, 0.018598, -0.758148, 0.0, -0.064009, 0.997481, -0.030563, 0.4, 0.75567, 0.06845, 0.651366, 0.0, 0.0, 0.0, 0.0, 1.0],
                [0.601504, 0.022938, -0.798541, -0.0, -0.07495, 0.996799, -0.027824, 0.4, 0.795347, 0.076587, 0.601297, 0.0, 0.0, 0.0, 0.0, 1.0],
                [0.651817, 0.018598, -0.758148, 0.0, -0.064009, 0.997481, -0.030563, 0.4, 0.75567, 0.06845, 0.651366, 0.0, 0.0, 0.0, 0.0, 1.0],
                [0.756, 0.006794, -0.654536, -0.0, -0.038531, 0.998674, -0.034138, 0.4, 0.653437, 0.051028, 0.755259, -0.0, 0.0, 0.0, 0.0, 1.0]
            ]
        },
        {
            "name": "Shoulder_R",
            "time": [0.0, 0.2, 0.4, 0.6, 0.8],
            "transform": [
                [-0.090961, 0.954905, 0.282633, -0.0, -0.025395, -0.285941, 0.957911, 0.4, 0.99553, 0.079955, 0.05026, -0.0, 0.0, 0.0, 0.0, 1.0],
                [-0.090961, 0.954905, 0.282633, 0.0, -0.025395, -0.285941, 0.95791, 0.4, 0.99553, 0.079955, 0.05026, 0.0, 0.0, 0.0, 0.0, 1.0],
                [-0.090961, 0.954905, 0.282633, -0.0, -0.025395, -0.285941, 0.957911, 0.4, 0.99553, 0.079955, 0.05026, 0.0, 0.0, 0.0, 0.0, 1.0],
                [-0.090961, 0.954905, 0.282633, 0.0, -0.025395, -0.285941, 0.95791, 0.4, 0.99553, 0.079955, 0.05026, 0.0, 0.0, 0.0, 0.0, 1.0],
                [-0.090961, 0.954905, 0.282633, -0.0, -0.025395, -0.285941, 0.957911, 0.4, 0.99553, 0.079955, 0.05026, -0.0, 0.0, 0.0, 0.0, 1.0]
            ]
        },
        {
            "name": "Arm_R",
            "time": [0.0, 0.2, 0.4, 0.6, 0.8],
            "transform": [
                [0.129722, 0.374658, -0.918043, -0.0, 0.893765, 0.356741, 0.271879, 0.39386, 0.429366, -0.855783, -0.288579, 0.0, 0.0, 0.0, 0.0, 1.0],
                [0.148203, 0.157567, -0.976324, 0.0, 0.9025, 0.382133, 0.198669, 0.393861, 0.404389, -0.910575, -0.08557, 0.0, 0.0, 0.0, 0.0, 1.0],
                [0.045134, 0.087833, -0.995112, 0.0, 0.911377, 0.404299, 0.077021, 0.39386, 0.40909, -0.910399, -0.061802, 0.0, 0.0, 0.0, 0.0, 1.0],
                [0.148203, 0.157567, -0.976324, 0.0, 0.9025, 0.382133, 0.198669, 0.393861, 0.404389, -0.910575, -0.08557, 0.0, 0.0, 0.0, 0.0, 1.0],
                [0.129722, 0.374658, -0.918043, -0.0, 0.893765, 0.356741, 0.271879, 0.39386, 0.429366, -0.855783, -0.288579, 0.0, 0.0, 0.0, 0.0, 1.0]
            ]
        },
        {
            "name": "Hand_R",
            "time": [0.0, 0.2, 0.4, 0.6, 0.8],
            "transform": [
                [1.0, 0.0, 0.0, 0.0, 0.0, 0.889616, -0.456709, 0.3, -0.0, 0.456709, 0.889616, 0.0, 0.0, 0.0, 0.0, 1.0],
                [1.0, 0.0, 0.0, 0.0, 0.0, 0.890827, -0.454343, 0.3, -0.0, 0.454343, 0.890827, 0.0, 0.0, 0.0, 0.0, 1.0],
                [1.0, 0.0, 0.0, 0.0, 0.0, 0.884551, -0.466444, 0.3, -0.0, 0.466444, 0.884551, -0.0, 0.0, 0.0, 0.0, 1.0],
                [1.0, 0.0, 0.0, 0.0, 0.0, 0.890827, -0.454343, 0.3, -0.0, 0.454343, 0.890827, 0.0, 0.0, 0.0, 0.0, 1.0],
                [1.0, 0.0, 0.0, 0.0, 0.0, 0.889616, -0.456709, 0.3, -0.0, 0.456709, 0.889616, 0.0, 0.0, 0.0, 0.0, 1.0]
            ]
        },
        {
            "name": "Tool_R",
            "time": [0.0, 0.2, 0.4, 0.6, 0.8],
            "transform": [
                [0.0, 0.0, 0.0, -0.0, 0.0, 0.0, 0.0, 0.272858, 0.0, 0.0, 0.0, 0.0, 0.0, 0.0, 0.0, 1.0],
                [0.0, 0.0, 0.0, 0.0, 0.0, 0.0, 0.0, 0.272858, 0.0, 0.0, 0.0, -0.0, 0.0, 0.0, 0.0, 1.0],
                [0.0, 0.0, 0.0, -0.0, 0.0, 0.0, 0.0, 0.272858, 0.0, 0.0, 0.0, 0.0, 0.0, 0.0, 0.0, 1.0],
                [0.0, 0.0, 0.0, 0.0, 0.0, 0.0, 0.0, 0.272858, 0.0, 0.0, 0.0, -0.0, 0.0, 0.0, 0.0, 1.0],
                [0.0, 0.0, 0.0, -0.0, 0.0, 0.0, 0.0, 0.272858, 0.0, 0.0, 0.0, 0.0, 0.0, 0.0, 0.0, 1.0]
            ]
        },
        {
            "name": "Elbow_R",
            "time": [0.0, 0.2, 0.4, 0.6, 0.8],
            "transform": [
                [-1.0, 0.0, -0.0, -0.0, 0.0, -0.0, -1.0, 0.35477, -0.0, -1.0, 0.0, 0.0, 0.0, 0.0, 0.0, 1.0],
                [-1.0, 0.0, -0.0, 0.0, 0.0, -0.0, -1.0, 0.354521, -0.0, -1.0, 0.0, -0.0, 0.0, 0.0, 0.0, 1.0],
                [-1.0, 0.0, -0.0, 0.0, 0.0, -0.0, -1.0, 0.355799, -0.0, -1.0, 0.0, 0.0, 0.0, 0.0, 0.0, 1.0],
                [-1.0, 0.0, -0.0, 0.0, 0.0, -0.0, -1.0, 0.354521, -0.0, -1.0, 0.0, -0.0, 0.0, 0.0, 0.0, 1.0],
                [-1.0, 0.0, -0.0, -0.0, 0.0, -0.0, -1.0, 0.35477, -0.0, -1.0, 0.0, 0.0, 0.0, 0.0, 0.0, 1.0]
            ]
        },
        {
            "name": "Shoulder_L",
            "time": [0.0, 0.2, 0.4, 0.6, 0.8],
            "transform": [
                [0.107524, -0.959912, -0.258856, -0.0, -0.125575, -0.271393, 0.954241, 0.4, -0.98624, -0.070098, -0.149722, -0.0, 0.0, 0.0, 0.0, 1.0],
                [0.032319, -0.96579, -0.257304, 0.0, -0.17403, -0.258944, 0.950085, 0.4, -0.98421, 0.014073, -0.176445, 0.0, 0.0, 0.0, 0.0, 1.0],
                [0.032319, -0.96579, -0.257304, -0.0, -0.17403, -0.258944, 0.950085, 0.4, -0.98421, 0.014073, -0.176445, 0.0, 0.0, 0.0, 0.0, 1.0],
                [0.032319, -0.96579, -0.257304, 0.0, -0.17403, -0.258944, 0.950085, 0.4, -0.98421, 0.014073, -0.176445, 0.0, 0.0, 0.0, 0.0, 1.0],
                [0.107524, -0.959912, -0.258856, -0.0, -0.125575, -0.271393, 0.954241, 0.4, -0.98624, -0.070098, -0.149722, -0.0, 0.0, 0.0, 0.0, 1.0]
            ]
        },
        {
            "name": "Arm_L",
            "time": [0.0, 0.2, 0.4, 0.6, 0.8],
            "transform": [
                [0.074512, 0.190348, 0.978885, 0.0, -0.911092, 0.412062, -0.010776, 0.39386, -0.405413, -0.891051, 0.204128, 0.0, 0.0, 0.0, 0.0, 1.0],
                [-0.054468, 0.160211, 0.985579, -0.0, -0.886182, 0.44708, -0.12165, 0.39386, -0.460124, -0.880029, 0.117624, -0.0, 0.0, 0.0, 0.0, 1.0],
                [-0.127241, -0.010178, 0.991819, -0.0, -0.906807, 0.406349, -0.112166, 0.39386, -0.401883, -0.913661, -0.060934, 0.0, 0.0, 0.0, 0.0, 1.0],
                [-0.054468, 0.160211, 0.985579, -0.0, -0.886182, 0.44708, -0.12165, 0.39386, -0.460124, -0.880029, 0.117624, -0.0, 0.0, 0.0, 0.0, 1.0],
                [0.074512, 0.190348, 0.978885, 0.0, -0.911092, 0.412062, -0.010776, 0.39386, -0.405413, -0.891051, 0.204128, 0.0, 0.0, 0.0, 0.0, 1.0]
            ]
        },
        {
            "name": "Hand_L",
            "time": [0.0, 0.2, 0.4, 0.6, 0.8],
            "transform": [
                [1.0, 0.0, -0.0, -0.0, -0.0, 0.897029, -0.441972, 0.3, -0.0, 0.441973, 0.897028, 0.0, 0.0, 0.0, 0.0, 1.0],
                [1.0, -0.0, 0.0, 0.0, 0.0, 0.922603, -0.385751, 0.3, -0.0, 0.385751, 0.922603, 0.0, 0.0, 0.0, 0.0, 1.0],
                [1.0, -0.0, 0.0, 0.0, -0.0, 0.916184, -0.400758, 0.3, -0.0, 0.400757, 0.916184, -0.0, 0.0, 0.0, 0.0, 1.0],
                [1.0, -0.0, 0.0, 0.0, 0.0, 0.922603, -0.385751, 0.3, -0.0, 0.385751, 0.922603, 0.0, 0.0, 0.0, 0.0, 1.0],
                [1.0, 0.0, -0.0, -0.0, -0.0, 0.897029, -0.441972, 0.3, -0.0, 0.441973, 0.897028, 0.0, 0.0, 0.0, 0.0, 1.0]
            ]
        },
        {
            "name": "Tool_L",
            "time": [0.0, 0.2, 0.4, 0.6, 0.8],
            "transform": [
                [1.0, 0.0, 0.0, -0.0, 0.0, -0.984537, 0.175178, 0.272858, 0.0, -0.175085, -0.983956, 0.0, 0.0, 0.0, 0.0, 1.0],
                [1.0, 0.0, 0.0, 0.0, 0.0, -0.984537, 0.175178, 0.272858, 0.0, -0.175085, -0.983956, 0.0, 0.0, 0.0, 0.0, 1.0],
                [1.0, 0.0, 0.0, -0.0, 0.0, -0.984537, 0.175178, 0.272858, 0.0, -0.175085, -0.983956, 0.0, 0.0, 0.0, 0.0, 1.0],
                [1.0, 0.0, 0.0, 0.0, 0.0, -0.984537, 0.175178, 0.272858, 0.0, -0.175085, -0.983956, 0.0, 0.0, 0.0, 0.0, 1.0],
                [1.0, 0.0, 0.0, -0.0, 0.0, -0.984537, 0.175178, 0.272858, 0.0, -0.175085, -0.983956, 0.0, 0.0, 0.0, 0.0, 1.0]
            ]
        },
        {
            "name": "Elbow_L",
            "time": [0.0, 0.2, 0.4, 0.6, 0.8],
            "transform": [
                [-1.0, 0.0, -0.0, -0.0, 0.0, -0.0, -1.0, 0.353225, -0.0, -1.0, -0.0, -0.0, 0.0, 0.0, 0.0, 1.0],
                [-1.0, 0.0, -0.0, -0.0, 0.0, 0.0, -1.0, 0.347436, -0.0, -1.0, -0.0, 0.0, 0.0, 0.0, 0.0, 1.0],
                [-1.0, 0.0, -0.0, 0.0, 0.0, -0.0, -1.0, 0.348965, -0.0, -1.0, -0.0, -0.0, 0.0, 0.0, 0.0, 1.0],
                [-1.0, 0.0, -0.0, -0.0, 0.0, 0.0, -1.0, 0.347436, -0.0, -1.0, -0.0, 0.0, 0.0, 0.0, 0.0, 1.0],
                [-1.0, 0.0, -0.0, -0.0, 0.0, -0.0, -1.0, 0.353225, -0.0, -1.0, -0.0, -0.0, 0.0, 0.0, 0.0, 1.0]
            ]
        }
    ]
}