{
    "animation": [
        {
            "name": "Root",
            "time": [0.0, 1.0, 2.0],
            "transform": [
                [0.954073, 0.013731, 0.299258, -0.043686, 0.299185, 0.007132, -0.954168, -0.03311, -0.015236, 0.99988, 0.002697, 0.707638, 0.0, 0.0, 0.0, 1.0],
                [0.954073, 0.013731, 0.299258, -0.043686, 0.299185, 0.007132, -0.954168, -0.03311, -0.015236, 0.99988, 0.002697, 0.720748, 0.0, 0.0, 0.0, 1.0],
                [0.954073, 0.013731, 0.299258, -0.043686, 0.299185, 0.007132, -0.954168, -0.03311, -0.015236, 0.99988, 0.002697, 0.707638, 0.0, 0.0, 0.0, 1.0]
            ]
        },
        {
            "name": "Thigh_R",
            "time": [0.0, 1.0, 2.0],
            "transform": [
                [0.865797, 0.387938, 0.316061, 0.124994, 0.197169, -0.845009, 0.497074, -0.002831, 0.459911, -0.368047, -0.808098, -1.2e-05, 0.0, 0.0, 0.0, 1.0],
                [0.867533, 0.358577, 0.344682, 0.124994, 0.194544, -0.88242, 0.428351, -0.002831, 0.457753, -0.304552, -0.835289, -1.2e-05, 0.0, 0.0, 0.0, 1.0],
                [0.865797, 0.387938, 0.316061, 0.124994, 0.197169, -0.845009, 0.497074, -0.002831, 0.459911, -0.368047, -0.808098, -1.2e-05, 0.0, 0.0, 0.0, 1.0]
            ]
        },
        {
            "name": "Leg_R",
            "time": [0.0, 1.0, 2.0],
            "transform": [
                [1.0, -0.0, 1e-06, -0.0, -0.0, 0.866159, 0.499769, 0.37472, -1e-06, -0.49977, 0.866159, 0.0, 0.0, 0.0, 0.0, 1.0],
                [1.0, -0.0, 1e-06, 0.0, -0.0, 0.930929, 0.365202, 0.37472, -1e-06, -0.365203, 0.930928, 0.0, 0.0, 0.0, 0.0, 1.0],
                [1.0, -0.0, 1e-06, -0.0, -0.0, 0.866159, 0.499769, 0.37472, -1e-06, -0.49977, 0.866159, 0.0, 0.0, 0.0, 0.0, 1.0]
            ]
        },
        {
            "name": "Knee_R",
            "time": [0.0, 1.0, 2.0],
            "transform": [
                [1.0, 0.0, -0.0, 0.0, -0.0, 1e-06, -1.0, 0.37472, -0.0, 1.0, 1e-06, 0.0, 0.0, 0.0, 0.0, 1.0],
                [1.0, 0.0, -0.0, 0.0, -0.0, 1e-06, -1.0, 0.37472, -0.0, 1.0, 1e-06, 0.0, 0.0, 0.0, 0.0, 1.0],
                [1.0, 0.0, -0.0, 0.0, -0.0, 1e-06, -1.0, 0.37472, -0.0, 1.0, 1e-06, 0.0, 0.0, 0.0, 0.0, 1.0]
            ]
        },
        {
            "name": "Thigh_L",
            "time": [0.0, 1.0, 2.0],
            "transform": [
                [0.802092, -0.344329, -0.487941, -0.125006, -0.168133, -0.9142, 0.368741, -0.002831, -0.573042, -0.21372, -0.791164, -1.2e-05, 0.0, 0.0, 0.0, 1.0],
                [0.804322, -0.312242, -0.505541, -0.125006, -0.165014, -0.934715, 0.314767, -0.002831, -0.570818, -0.169748, -0.803334, -1.2e-05, 0.0, 0.0, 0.0, 1.0],
                [0.802092, -0.344329, -0.487941, -0.125006, -0.168133, -0.9142, 0.368741, -0.002831, -0.573042, -0.21372, -0.791164, -1.2e-05, 0.0, 0.0, 0.0, 1.0]
            ]
        },
        {
            "name": "Leg_L",
            "time": [0.0, 1.0, 2.0],
            "transform": [
                [1.0, -0.0, 1e-06, 0.0, -0.0, 0.784508, 0.620116, 0.37472, -1e-06, -0.620119, 0.78451, 0.0, 0.0, 0.0, 0.0, 1.0],
                [1.0, -0.0, 1e-06, 0.0, -0.0, 0.849986, 0.526802, 0.37472, -1e-06, -0.526805, 0.849988, 0.0, 0.0, 0.0, 0.0, 1.0],
                [1.0, -0.0, 1e-06, 0.0, -0.0, 0.784508, 0.620116, 0.37472, -1e-06, -0.620119, 0.78451, 0.0, 0.0, 0.0, 0.0, 1.0]
            ]
        },
        {
            "name": "Knee_L",
            "time": [0.0, 1.0, 2.0],
            "transform": [
                [1.0, 0.0, -0.0, 0.0, -0.0, 1e-06, -1.0, 0.389982, -0.0, 1.0, 1e-06, -0.0, 0.0, 0.0, 0.0, 1.0],
                [1.0, 0.0, -0.0, 0.0, -0.0, 1e-06, -1.0, 0.378001, -0.0, 1.0, 1e-06, 0.0, 0.0, 0.0, 0.0, 1.0],
                [1.0, 0.0, -0.0, 0.0, -0.0, 1e-06, -1.0, 0.389982, -0.0, 1.0, 1e-06, -0.0, 0.0, 0.0, 0.0, 1.0]
            ]
        },
        {
            "name": "Torso",
            "time": [0.0, 1.0, 2.0],
            "transform": [
                [0.997204, 0.0, -0.074731, -0.0, 0.006513, 0.996195, 0.086912, 0.05, 0.074446, -0.087156, 0.993409, -0.0, 0.0, 0.0, 0.0, 1.0],
                [0.997204, 0.0, -0.074731, -0.0, 0.006513, 0.996195, 0.086912, 0.05, 0.074446, -0.087156, 0.993409, -0.0, 0.0, 0.0, 0.0, 1.0],
                [0.997204, 0.0, -0.074731, -0.0, 0.006513, 0.996195, 0.086912, 0.05, 0.074446, -0.087156, 0.993409, -0.0, 0.0, 0.0, 0.0, 1.0]
            ]
        },
        {
            "name": "Chest",
            "time": [0.0, 1.0, 2.0],
            "transform": [
                [0.939083, 0.0, 0.34369, -0.0, 0.0, 1.0, -0.0, 0.3, -0.34369, 0.0, 0.939083, 0.0, 0.0, 0.0, 0.0, 1.0],
                [0.939083, 0.0, 0.34369, -0.0, 0.0, 1.0, -0.0, 0.3, -0.34369, 0.0, 0.939083, 0.0, 0.0, 0.0, 0.0, 1.0],
                [0.939083, 0.0, 0.34369, -0.0, 0.0, 1.0, -0.0, 0.3, -0.34369, 0.0, 0.939083, 0.0, 0.0, 0.0, 0.0, 1.0]
            ]
        },
        {
            "name": "Head",
            "time": [0.0, 1.0, 2.0],
            "transform": [
                [0.822519, -0.003516, -0.568727, -0.0, -0.019484, 0.99922, -0.034357, 0.4, 0.568404, 0.03934, 0.821809, -0.0, 0.0, 0.0, 0.0, 1.0],
                [0.822519, -0.003516, -0.568727, -0.0, -0.019484, 0.99922, -0.034357, 0.4, 0.568404, 0.03934, 0.821809, -0.0, 0.0, 0.0, 0.0, 1.0],
                [0.822519, -0.003516, -0.568727, -0.0, -0.019484, 0.99922, -0.034357, 0.4, 0.568404, 0.03934, 0.821809, -0.0, 0.0, 0.0, 0.0, 1.0]
            ]
        },
        {
            "name": "Shoulder_R",
            "time": [0.0, 1.0, 2.0],
            "transform": [
                [-0.022137, 0.960929, 0.275906, -0.0, -0.018633, -0.276322, 0.960884, 0.4, 0.999581, 0.016131, 0.024022, -0.0, 0.0, 0.0, 0.0, 1.0],
                [-0.022137, 0.960929, 0.275906, -0.0, -0.018633, -0.276322, 0.960884, 0.4, 0.999581, 0.016131, 0.024022, -0.0, 0.0, 0.0, 0.0, 1.0],
                [-0.022137, 0.960929, 0.275906, -0.0, -0.018633, -0.276322, 0.960884, 0.4, 0.999581, 0.016131, 0.024022, -0.0, 0.0, 0.0, 0.0, 1.0]
            ]
        },
        {
            "name": "Arm_R",
            "time": [0.0, 1.0, 2.0],
            "transform": [
                [0.128549, 0.238312, -0.962643, -0.0, 0.895199, 0.389799, 0.216041, 0.39386, 0.426724, -0.889529, -0.163228, 0.0, 0.0, 0.0, 0.0, 1.0],
                [0.128548, 0.238312, -0.962643, -0.0, 0.895199, 0.389799, 0.216041, 0.39386, 0.426724, -0.889529, -0.163228, -0.0, 0.0, 0.0, 0.0, 1.0],
                [0.128549, 0.238312, -0.962643, -0.0, 0.895199, 0.389799, 0.216041, 0.39386, 0.426724, -0.889529, -0.163228, 0.0, 0.0, 0.0, 0.0, 1.0]
            ]
        },
        {
            "name": "Hand_R",
            "time": [0.0, 1.0, 2.0],
            "transform": [
                [1.0, 0.0, -0.0, 0.0, -0.0, 0.865924, -0.500177, 0.3, -0.0, 0.500176, 0.865923, 0.0, 0.0, 0.0, 0.0, 1.0],
                [1.0, 0.0, 0.0, -0.0, 0.0, 0.865924, -0.500177, 0.3, -0.0, 0.500176, 0.865923, -0.0, 0.0, 0.0, 0.0, 1.0],
                [1.0, 0.0, -0.0, 0.0, -0.0, 0.865924, -0.500177, 0.3, -0.0, 0.500176, 0.865923, 0.0, 0.0, 0.0, 0.0, 1.0]
            ]
        },
        {
            "name": "Tool_R",
            "time": [0.0, 1.0, 2.0],
            "transform": [
                [0.0, 0.0, 0.0, -0.0, 0.0, 0.0, 0.0, 0.272858, 0.0, 0.0, 0.0, -0.0, 0.0, 0.0, 0.0, 1.0],
                [0.0, 0.0, 0.0, -0.0, 0.0, 0.0, 0.0, 0.272858, 0.0, 0.0, 0.0, 0.0, 0.0, 0.0, 0.0, 1.0],
                [0.0, 0.0, 0.0, -0.0, 0.0, 0.0, 0.0, 0.272858, 0.0, 0.0, 0.0, -0.0, 0.0, 0.0, 0.0, 1.0]
            ]
        },
        {
            "name": "Elbow_R",
            "time": [0.0, 1.0, 2.0],
            "transform": [
                [-1.0, 0.0, 0.0, 0.0, -0.0, -0.0, -1.0, 0.35941, -0.0, -1.0, 0.0, 0.0, 0.0, 0.0, 0.0, 1.0],
                [-1.0, 0.0, 0.0, -0.0, -0.0, -0.0, -1.0, 0.35941, -0.0, -1.0, 0.0, -0.0, 0.0, 0.0, 0.0, 1.0],
                [-1.0, 0.0, 0.0, 0.0, -0.0, -0.0, -1.0, 0.35941, -0.0, -1.0, 0.0, 0.0, 0.0, 0.0, 0.0, 1.0]
            ]
        },
        {
            "name": "Shoulder_L",
            "time": [0.0, 1.0, 2.0],
            "transform": [
                [0.106667, -0.963489, -0.245582, -0.0, -0.162489, -0.260563, 0.951685, 0.4, -0.980928, -0.061609, -0.18435, -0.0, 0.0, 0.0, 0.0, 1.0],
                [0.106667, -0.963489, -0.245582, -0.0, -0.162489, -0.260563, 0.951685, 0.4, -0.980928, -0.061609, -0.18435, -0.0, 0.0, 0.0, 0.0, 1.0],
                [0.106667, -0.963489, -0.245582, -0.0, -0.162489, -0.260563, 0.951685, 0.4, -0.980928, -0.061609, -0.18435, -0.0, 0.0, 0.0, 0.0, 1.0]
            ]
        },
        {
            "name": "Arm_L",
            "time": [0.0, 1.0, 2.0],
            "transform": [
                [0.125065, 0.046081, 0.991078, 0.0, -0.89647, 0.433239, 0.092982, 0.39386, -0.425089, -0.900101, 0.095493, -0.0, 0.0, 0.0, 0.0, 1.0],
                [0.125065, 0.046082, 0.991079, 0.0, -0.89647, 0.433238, 0.092982, 0.39386, -0.425089, -0.9001, 0.095494, -0.0, 0.0, 0.0, 0.0, 1.0],
                [0.125065, 0.046081, 0.991078, 0.0, -0.89647, 0.433239, 0.092982, 0.39386, -0.425089, -0.900101, 0.095493, -0.0, 0.0, 0.0, 0.0, 1.0]
            ]
        },
        {
            "name": "Hand_L",
            "time": [0.0, 1.0, 2.0],
            "transform": [
                [1.0, 0.0, 0.0, 0.0, -0.0, 0.953978, -0.299879, 0.3, -0.0, 0.299879, 0.953977, 0.0, 0.0, 0.0, 0.0, 1.0],
                [1.0, 0.0, 0.0, 0.0, 0.0, 0.953978, -0.299877, 0.3, -0.0, 0.299876, 0.953977, -0.0, 0.0, 0.0, 0.0, 1.0],
                [1.0, 0.0, 0.0, 0.0, -0.0, 0.953978, -0.299879, 0.3, -0.0, 0.299879, 0.953977, 0.0, 0.0, 0.0, 0.0, 1.0]
            ]
        },
        {
            "name": "Tool_L",
            "time": [0.0, 1.0, 2.0],
            "transform": [
                [1.0, 0.0, 0.0, -0.0, 0.0, -0.93916, 0.343479, 0.272858, 0.0, -0.343287, -0.938604, -0.0, 0.0, 0.0, 0.0, 1.0],
                [1.0, 0.0, 0.0, 0.0, 0.0, -0.93916, 0.343479, 0.272858, 0.0, -0.343287, -0.938604, 0.0, 0.0, 0.0, 0.0, 1.0],
                [1.0, 0.0, 0.0, -0.0, 0.0, -0.93916, 0.343479, 0.272858, 0.0, -0.343287, -0.938604, -0.0, 0.0, 0.0, 0.0, 1.0]
            ]
        },
        {
            "name": "Elbow_L",
            "time": [0.0, 1.0, 2.0],
            "transform": [
                [-1.0, 0.0, -0.0, 0.0, 0.0, -0.0, -1.0, 0.338865, -0.0, -1.0, -0.0, 0.0, 0.0, 0.0, 0.0, 1.0],
                [-1.0, 0.0, -0.0, 0.0, 0.0, -0.0, -1.0, 0.338865, -0.0, -1.0, -0.0, 0.0, 0.0, 0.0, 0.0, 1.0],
                [-1.0, 0.0, -0.0, 0.0, 0.0, -0.0, -1.0, 0.338865, -0.0, -1.0, -0.0, 0.0, 0.0, 0.0, 0.0, 1.0]
            ]
        }
    ]
}